ELEM          N11          N22          N12          M11          M22          M12          Q13          Q23
      377     2295.8257544187417807      906.8412196018255145       -3.7848887319931306      772.6243875138811745     2622.8348813042084657       -1.8325776383326913        0.0064732555786725        3.5276307572673309
      378     2295.7050502284655522      906.6463227455064953      -11.3654912956673932      772.7048957047977638     2622.7997102316130622       -5.4320951011424210        0.0187234453201551        3.5483851903553854
      379     2295.4636108082390820      906.2574348786633891      -18.9601739605967587      772.8700894653447904     2622.7144882156558197       -9.0147539864009403        0.0308359079496154        3.5899164765229257
      380     2295.1019583495362895      905.6763598150383814      -26.5780221225588988      773.1173717017104536     2622.5797513171546598      -12.5706057117954622        0.0425054694879100        3.6521008372856816
      381     2294.6208624916816916      904.9056864315152779      -34.2279595652118260      773.4436238985658747     2622.3935434990844442      -16.0870797360228863        0.0536201792811757        3.7349043918448235
      382     2294.0213241149990608      903.9489041884477274      -41.9186364423980962      773.8462508661550601     2622.1512744502460919      -19.5511696247535625        0.0640933140283110        3.8383045981971806
      383     2293.3045869671168475      902.8104161401215606      -49.6583347963650965      774.3228809435049698     2621.8467218376531491      -22.9499739060648480        0.0738159800487809        3.9622134331330980
      384     2292.4721547298945552      901.4955703950192856      -57.4548612808774593      774.8709486448665302     2621.4724912732049233      -26.2707735884645501        0.0826698588645302        4.1064922999535849
      385     2291.5258027879181100      900.0106860647258600      -65.3154700522162841      775.4874075235688906     2621.0201880446625182      -29.5009140424051850        0.0905193984199264        4.2709693064072303
      386     2290.4675905138692542      898.3630810677597083      -73.2467689765451695      776.1685756671454328     2620.4804913697103075      -32.6277243875856868        0.0972335348225642        4.4554438099346774
      387     2289.2998712491380502      896.5611070594089824      -81.2546392762046139      776.9100473204921400     2619.8432064699563853      -35.6384693303378128        0.1026706766713908        4.6596856947042857
      388     2288.0253041486907932      894.6141835386213188      -89.3441456835981285      777.7066636401659707     2619.0973423354839724      -38.5203515929038360        0.1067057296534827        4.8834317976827339
      389     2286.6468636939066528      892.5328326189180643      -97.5194580827890576      778.5524768211748778     2618.2311982347591766      -41.2605306702466947        0.1092041054375580        5.1263828063285484
      390     2285.1678507521060055      890.3287204519099305     -105.7837591664230246      779.4406915175773065     2617.2324576373684977      -43.8461829298224757        0.1100442988275563        5.3881997502867387
      391     2283.5919012926428877      888.0146950103675181     -114.1391747201349176      780.3636451650677373     2616.0883122548125357      -46.2645516128679617        0.1091054665356554        5.6685010351840015
      392     2281.9229965471522519      885.6048205914632945     -122.5866871636449957      781.3128049312731491     2614.7855973247023940      -48.5030395433158787        0.1062844339259230        5.9668593348144956
      393     2280.1654698496795390      883.1144140830372180     -131.1260650130887200      782.2787563409183349     2613.3109352144620061      -50.5492938977211566        0.1014785012375976        6.2827996537030515
      394     2278.3240159301235508      880.5600775874453348     -139.7557825226540444      783.2511712236723724     2611.6508806059323433      -52.3913261516628097        0.0945997381356849        6.6157965187356940
      395     2276.4036921660144799      877.9597251739907051     -148.4729644241892004      784.2188315322027847     2609.7920865228725233      -54.0176145164692230        0.0855730860719606        6.9652726683553379
      396     2274.4099244514341081      875.3326035648257175     -157.2733153603993799      785.1696639127235358     2607.7214782721011943      -55.4172460036088239        0.0743402642569069        7.3305971733112214
      397     2272.3485067123424415      872.6993058394357377     -166.1510674082250887      786.0907778079426862     2605.4264325807712339      -56.5800536233302580        0.0608577363765458        7.7110848444727562
      398     2270.2255980329432532      870.0817776449457597     -175.0989333503168837      786.9685311494449707     2602.8949596912239031      -57.4967591330614027        0.0451049926913652        8.1059964072563400
      399     2268.0477176571675955      867.5033115723616675     -184.1080674737860079      787.7886118957062536     2600.1158925515373994      -58.1591260136982839        0.0270785346296646        8.5145384887246642
      400     2265.8217358151450753      864.9885322109291792     -193.1680369587503492      788.5361255740494926     2597.0790742706763012      -58.5601156287282265        0.0067990404359513        8.9358643611214958
      401     2263.5548630547054927      862.5633675353714125     -202.2668009504827182      789.1957212473193977     2593.7755472231774547      -58.6940448090260816       -0.0156879506362703        9.3690764437973861
      402     2261.2546313526549966      860.2550026032076858     -211.3907073127480771      789.7517541236461511     2590.1977472079174731      -58.5567374707404724       -0.0403069409360796        9.8132288758699815
      403     2258.9288764922594055      858.0918245862932281     -220.5244945034274622      790.1884251194192075     2586.3396802989036587      -58.1456749481047268       -0.0669634539600501       10.2673314226376071
      404     2256.5857123098903685      856.1033459725260855     -229.6513143901643730      790.4899582850152910     2582.1970970817951638      -57.4601322613240768       -0.0955265345208093       10.7303528488803295
      405     2254.2335038220189745      854.3201092446147413     -238.7527598795719257      790.6408196130346369     2577.7676622398430482      -56.5013169950495922       -0.1258397807188012       11.2012274120083202
      406     2251.8808326752564426      852.7735805136175031     -247.8089203868663617      790.6258887170429261     2573.0510961027325720      -55.2724725202138529       -0.1577224527797438       11.6788603590969018
      407     2249.5364625093502582      851.4960134337590034     -256.7984399510191338      790.4307183294913557     2568.0493191547907372      -53.7789832948810727       -0.1909532544271863       12.1621344544221834
      408     2247.2092985509480059      850.5202998660297453     -265.6985955728102340      790.0417547700503746     2562.7665625096469739      -52.0284508567316379       -0.2252963403720912       12.6499193366753317
      409     2244.9083416143594150      849.8798026685299192     -274.4853968310335972      789.4465389055990272     2557.2094503679354602      -50.0307394271515591       -0.2604834543380607       13.1410785307475582
      410     2242.6426415641622043      849.6081619768303881     -283.1336915844462965      788.6339809449573295     2551.3870773990734051      -47.7980049947110501       -0.2962198561877628       13.6344792373917620
      411     2240.4212463043027128      849.7390866824387103     -291.6172956505261595      787.5945853135917787     2545.3110462845706934      -45.3446908592347881       -0.3321919765197560       14.1290019675219298
      412     2238.2531488454906139      850.3061280916547275     -299.9091293361718726      786.3206506894798622     2538.9954685073207656      -42.6874901048551578       -0.3680690335403882       14.6235506348932773
      413     2236.1472294534223693      851.3424333504303831     -307.9813774193209497      784.8064968453995789     2532.4569415504565768      -39.8452751487296837       -0.4034989124570837       15.1170625779208017
      414     2234.1122002786469238      852.8804843719681230     -315.8056515389233141      783.0486588621301962     2525.7144934127745728      -36.8390006462611268       -0.4381242463497851       15.6085198773317675
      415     2232.1565422178073277      854.9518277360629099     -323.3531806673120172      781.0460384919219905     2518.7894842871037326      -33.6915471146594996       -0.4715777413413076       16.0969588792106357
      416     2230.2884520516558950      857.5867801168240021     -330.5949875363726846      778.8000771101155806     2511.7054822480313305      -30.4275703255917165       -0.5034870423438526       16.5814807783193956
      417     2228.5157766504444226      860.8141405690383863     -337.5020989996936009      776.3148374553129543     2504.4880918392677813      -27.0732731131502078       -0.5334917996643492       17.0612618335158714
      418     2226.8459552094218452      864.6608899084283166     -344.0457529732701119      773.5970714439117728     2497.1647527989262016      -23.6561675258773221       -0.5612330079769239       17.5355611821654129
      419     2225.2859660588696897      869.1518811175375276     -350.1976005139997596      770.6562926482474722     2489.7645164486007161      -20.2048123502545991       -0.5863660145161912       18.0037301787000565
      420     2223.8422652231970460      874.3095438672339696     -355.9299314218048949      767.5047510005992990     2482.3177749274054804      -16.7484970080616336       -0.6085697029320085       18.4652195673792754
      421     2222.5207377038027516      880.1535846524673161     -361.2158825879149617      764.1573782657255833     2474.8559687496767765      -13.3169235041644356       -0.6275462225276409       18.9195849311081226
      422     2221.3266486795237142      886.7006970724613666     -366.0296485958682524      760.6317070394375150     2467.4112739999914083       -9.9398627969831637       -0.6430283127117051       19.3664915565473912
      423     2220.2645957029972124      893.9642898332273262     -370.3466950469573931      756.9477256732552632     2460.0162607292818393       -6.6467838139661239       -0.6547857141666668       19.8057175602171931
      424     2219.3384702337289127      901.9542275139648382     -374.1439558390752040      753.1276987115174961     2452.7035430444398116       -3.4664882046888579       -0.6626270862744689       20.2371549631960477
      425     2218.5514244092091758      910.6765915565931664     -377.4000203232074000      749.1959490258045662     2445.5054186494680835       -0.4267341672739349       -0.6664057332944037       20.6608093759204934
      426     2217.9058380902697536      920.1334723178083550     -380.0953175334109915      745.1785935534908276     2438.4535013484728552        2.4461429975323199       -0.6660224761263253       21.0767975431643535
      427     2217.4032984554828545      930.3227857436614840     -382.2122764910576507      741.1032377898459345     2431.5783551212762177        5.1275972699588124       -0.6614298326601288       21.4853429659621966
      428     2217.0445848193749043      941.2381217669554871     -383.7354691818170522      736.9986424583571534     2424.9091364536056972        7.5952163896649836       -0.6526313476193175       21.8867695382046286
      429     2216.8296550693280551      952.8686337118464280     -384.6517443513839680      732.8943715859509211     2418.4732546835916764        9.8290612577599745       -0.6396837102633509       22.2814932505832459
      430     2216.7576466328237075      965.1989617233077752     -384.9503295501389744      728.8203968469920255     2412.2960450094024054       11.8119623744142928       -0.6226996186541303       22.6700122267118225
      431     2216.8268797543996698      978.2091966865602899     -384.6229146383291777      724.8067170045710554     2406.4004796244294084       13.5297848827097482       -0.6018386408563864       23.0528944440905761
      432     2217.0348674831075186      991.8748898227322570     -383.6637166938543260      720.8829733298985047     2400.8069092614700821       14.9716650264977602       -0.5773121660440089       23.4307647404842498
      433     2217.3783365372341905     1006.1671029274718876     -382.0695103043986478      717.0780043180247958     2395.5328242747677905       16.1301853672368907       -0.5493859208899199       23.8042897468011780
      434     2217.8532493220968718     1021.0525041992873412     -379.8396418713148819      713.4194664470142015     2390.5926782724586701       17.0015095056206746       -0.5183593438642470       24.1741610080655533
      435     2218.4548371347941611     1036.4935043427726669     -376.9760135331271726      709.9334728098137930     2385.9977557264146526       17.5854620937429331       -0.4845769739770492       24.5410791844915366
      436     2219.1776339476391513     1052.4484411339155940     -373.4830470749213873      706.6442077371798405     2381.7560736584946426       17.8855590009752063       -0.4484161214865433       24.9057353946697333
      437     2220.0155233103296268     1068.8717946397919150     -369.3676128081327761      703.5736059295827545     2377.8723462676657618       17.9089616246359924       -0.4102809558406050       25.2687932444535228
      438     2220.9617819200320810     1085.7144504682282786     -364.6389468200025021      700.7410587819340435     2374.3479965491555959       17.6663934314788662       -0.3705973315111374       25.6308713238614381
      439     2222.0091310325133236     1102.9239944127532453     -359.3085405461516189      698.1631320417000097     2371.1812089451218526       17.1719931361952831       -0.3298104979957495       25.9925251993321531
      440     2223.1497927446216636     1120.4450372927940407     -353.3900089584924444      695.8533687037752316     2368.3670462808199773       16.4431030548072954       -0.2883658063174589       26.3542299358500571
      441     2224.3755487147886925     1138.2195645113413320     -346.8989368815595640      693.8221355414352729     2365.8976060660406802       15.5000119443481594       -0.2467138476056654       26.7163650585409052
      442     2225.6777964333082309     1156.1873193034043652     -339.8527203050342109      692.0764665249307654     2363.7622070841480308       14.3656533006431459       -0.2053032252110452       27.0791989879933190
      443     2227.0476156663089569     1174.2861879456604584     -332.2703766411402739      690.6200322133236114     2361.9476358787724166       13.0652409078289793       -0.1645587479982681       27.4428760095674704
      444     2228.4758258777505944     1192.4526135083099234     -324.1723611967154852      689.4531040022993693     2360.4384042053156918       11.6258918005187297       -0.1249015352183122       27.8074066124313148
      445     2229.9530539094557753     1210.6220021330352665     -315.5803565566673683      688.5725993928563184     2359.2170472434322619       10.0761860618593460       -0.0867116388991951       28.1726564883710893
      446     2231.4697898782033008     1228.7291428351277318     -306.5170758756656824      687.9721919957059981     2358.2644425227172178        8.4457333616272194       -0.0503515531864528       28.5383423022999523
      447     2233.0164549066539621     1246.7086167583765928     -297.0060426266513218      687.6424070336252043     2357.5601238613380701        6.7646950173866003       -0.0161447667849412       28.9040262414052549
      448     2234.5834552891710700     1264.4952007890599361     -287.0713870720780960      687.5708344142612987     2357.0826228733867538        5.0633112835602674        0.0156246509651564       29.2691151510278900
      449     2236.1612407777897715     1282.0242582370835862     -276.7376382795574727      687.7423261780845678     2356.8097928393108305        3.3714263254153138        0.0447073256605536       29.6328627044652144
      450     2237.7403603613433916     1299.2321101605100466     -266.0295202563251564      688.1392657398209849     2356.7191368547742059        1.7180105339633087        0.0709053282216365       29.9943733329616187
      451     2239.3115130530900387     1316.0563851119381980     -254.9717601918014793      688.7418467111078826     2356.7881151815513476        0.1307122982850046        0.0940542834623979       30.3526098300547247
      452     2240.8655953586826399     1332.4363505985306801     -243.5889101692292797      689.5283672080718134     2356.9944285939036490       -1.3645729486391360        0.1140412039512640       30.7064021032448693
      453     2242.3937483308341143     1348.3132035407797957     -231.9051698362397076      690.4755747998087827     2357.3162885699071012       -2.7441173914870092        0.1307921697754629       31.0544603519740257
      454     2243.8873957408845854     1363.6303462135908831     -219.9442434174819709      691.5589987669095535     2357.7326505337905473       -3.9867107577624665        0.1442778321415904       31.3953892561906116
      455     2245.3382845032401747     1378.3336240370042560     -207.7291955924958131      692.7532862054990801     2358.2234118854630651       -5.0739894826952536        0.1545052544089865       31.7277054624750399
      456     2246.7385168434211664     1392.3715299033021893     -195.2823375952984009      694.0325613107243043     2358.7695861696010979       -5.9907068244824870        0.1615243624910888       32.0498548284804841
      457     2248.0805807209267186     1405.6953860610055926     -182.6251295140118032      695.3707480801890597     2359.3534293023840291       -6.7249482191961931        0.1654104698133652       32.3602330226486359
      458     2249.3573763162312389     1418.2594864731654525     -169.7781019098054287      696.7419216647476787     2359.9585422183349692       -7.2683032226151454        0.1662834681039363       32.6572063803937525
      459     2250.5622391319393500     1430.0212149443359522     -156.7608019013322576      698.1206531974967220     2360.5699416247507543       -7.6159581294272414        0.1642819021761386       32.9391346988172558
      460     2251.6889600835761485     1440.9411380975047905     -143.5917575527251984      699.4822774261233462     2361.1740758827172613       -7.7667427692468038        0.1595707658469282       33.2043927049824106
      461     2252.7318019173121684     1450.9830693613116637     -130.2884635401749165      700.8032070256149382     2361.7588303725278820       -7.7231152940312597        0.1523387424246700       33.4513918139149311
      462     2253.6855123237874068     1460.1141142756666795     -116.8673948093793200      702.0612348951053718     2362.3135069384470626       -7.4910812205067998        0.1427954184688035       33.6786023576995106
      463     2254.5453376280220255     1468.3046950798823218     -103.3440263896692102      703.2357757154363753     2362.8287600133508022       -7.0800757609203799        0.1311592222324174       33.8845741930583912
      464     2255.3070297858339472     1475.5285636628925658      -89.7328871012758071      704.3080835055579882     2363.2965032875354154       -6.5027896867692618        0.1176620797979685       34.0679544599810669
      465     2255.9668559796332374     1481.7627969317727548      -76.0476243466593047      705.2614843966225635     2363.7098106694147646       -5.7749922736493602        0.1025464537922737       34.2275071683132595
      466     2256.5216077112745552     1486.9877861437566935      -62.3010815117266148      706.0814787554963914     2364.0627998786903845       -4.9153603410670996        0.0860459395717336       34.3621342638598506
      467     2256.9686090383606825     1491.1872250787314442      -48.5054030724666134      706.7556259209181917     2364.3505878214414224       -3.9453255794016329        0.0683798021204137       34.4709085803775679
      468     2257.3057310869562571     1494.3480930300513592      -34.6721489523295006      707.2731184306903742     2364.5695577081901320       -2.8888231467973142        0.0497370540629111       34.5531255969717463
      469     2257.5314006216749476     1496.4606659964401842      -20.8124312971973673      707.6242163138417709     2364.7184710143328630       -1.7713900333769033        0.0303143841979331       34.6082861361359804
      470     2257.6445773352088509     1497.5185136800978398       -6.9370283649170252      707.8012414533977790     2364.7990590304489160       -0.6168883515979537        0.0105491273058681       34.6360522620079294
      471     2257.6447044207698127     1497.5184064295663120        6.9435160719234847      707.8025516536918076     2364.8092729678446631        0.5560359475151024       -0.0092497167919142       34.6361692368903178
      472     2257.5317221045738734     1496.4603001470497929       20.8187438935684561      707.6322142816197811     2364.7423602624967316        1.7210725446530972       -0.0288221624603946       34.6084834830369203
      473     2257.3061470702677980     1494.3474409427180944       34.6781425776023511      707.2938498813705337     2364.5979787581909477        2.8447192318615748       -0.0479617432621801       34.5531344171819796
      474     2256.9690859541697137     1491.1863625316871094       48.5110174079094278      706.7902368056779778     2364.3813017919360391        3.9000739300604579       -0.0665931090155407       34.4705632470168837
      475     2256.5221827388900238     1486.9868150847194102       62.3063195694568321      706.1272089380008765     2364.0963399384932018        4.8641847103796465       -0.0843978661193680       34.3614275708910242
      476     2255.9675925469382491     1481.7617905524330126       76.0525032663167480      705.3145174414780740     2363.7466384782755995        5.7156507881829413       -0.1010604202586079       34.2265401541597640
      477     2255.3079858880873871     1475.5275692623913528       89.7374207174334231      704.3650626670678321     2363.3365102408424718        6.4345333609327895       -0.1163001346241536       34.0668264213658603
      478     2254.5465537121622219     1468.3037388826473943      103.3482225423915963      703.2942155510077100     2362.8714366995604905        7.0028289782927686       -0.1298663405020967       33.8833500769523326
      479     2253.6870098125773438     1460.1132102414542260      116.8712572099858136      702.1194514931075901     2362.3581864623597539        7.4050087791068790       -0.1415196725407999       33.6773175289640179
      480     2252.7335860740813587     1450.9822241332656176      130.2919948523835387      700.8601259362098972     2361.8048509152881707        7.6284360228108881       -0.1510379251185746       33.4500631246875741
      481     2251.6910240709471509     1440.9403546706266752      143.5949614398785741      699.5372513444699507     2361.2208607453094373        7.6636637132995986       -0.1582133045712396       33.2030273034103800
      482     2250.5645677362654169     1430.0204944576566959      156.7636843615795783      698.1733213312904809     2360.6170261468337230        7.5046606052719937       -0.1628453738267703       32.9377357349886779
      483     2249.3599490134947700     1418.2588292847412959      169.7806717391467544      696.7921097414955511     2360.0055727414428475        7.1489479087251766       -0.1647529803996622       32.6557763779052550
      484     2248.0833739480572149     1405.6947921533801491      182.6273983402603847      695.4184000347440815     2359.4001495925058407        6.5976855408642052       -0.1637768839720022       32.3587757319331857
      485     2246.7415056404438474     1392.3709990585703054      195.2843195600282229      694.0776937056202769     2358.8158196876565853        5.8556867214626038       -0.1597830117422319       32.0483761951838488
      486     2245.3414436258617570     1378.3331558144509472      207.7309069094280289      692.7959581737309236     2358.2690443514184153        4.9313690136435753       -0.1526545690780770       31.7262139512985399
      487     2243.8907004037264414     1363.6299398902096982      219.9457018529128334      691.5992924938013857     2357.7776142985276238        3.8366591372143262       -0.1423189093391979       31.3938958998714455
      488     2242.3971746701167831     1348.3128580207778668      231.9063942069639381      690.5135829666919562     2357.3605494777771128        2.5868190852563089       -0.1287277937748573       31.0529786436536277
      489     2240.8691207128317728     1332.4360643395741590      243.5899198686034310      689.5641849656417435     2357.0379754936452628        1.2002290065232728       -0.1118755431436990       30.7049476842077027
      490     2239.3151161123005295     1316.0561560699177335      254.9725747758953389      688.7755667320657267     2356.8309514889751881       -0.3018839119227437       -0.0917925066581810       30.3512001895600712
      491     2237.7440212365781917     1299.2319357633109576      266.0301590881861102      688.1709752425258557     2356.7612740346326063       -1.8957754816026409       -0.0685533202108876       29.9930274280955551
      492     2236.1649410164245637     1282.0241353811850331      276.7381202348118450      687.7721052112651705     2356.8512454468736905       -3.5555348854937279       -0.0422715336287758       29.6316005417679342
      493     2234.5871778614136929     1264.4951258653945843      287.0717303008299268      687.5987550014583576     2357.1234047150733204       -5.2534996673435899       -0.0131120302845994       29.2679574168781222
      494     2233.0201841722382596     1246.7085856958449313      297.0062643677102869      687.6685327996870001     2357.6002452804750646       -6.9606867328357680        0.0187271963699468       28.9029938277024883
      495     2231.4735115444846087     1228.7291511628834542      306.5171923139288310      687.9965781769233217     2358.3039083298244805       -8.6472407248431296        0.0529964142903567       28.5374558702879959
      496     2229.9567549851490185     1210.6220450583398360      315.5803827211159387      688.5952930790663231     2359.2558552438113111      -10.2829115822173662        0.0894115155626082       28.1719360614138274
      497     2228.4794946242191145     1192.4526860024398047      324.1723108900368970      689.4741444822975609     2360.4765442828138475      -11.8375295979764132        0.1276488921267506       27.8068711280627454
      498     2227.0512415478347066     1174.2862848392494470      332.2702623984338857      690.6394514129351592     2361.9850894189889914      -13.2814779077202729        0.1673461008544405       27.4425429282677520
      499     2225.6813700640609568     1156.1874353833295572      339.8525533747780401      692.0942895153211794     2363.7989467409174722      -14.5861704288296892        0.2081231504682107       27.0790838927586002
      500     2224.3790618063198963     1138.2196946184221815      346.8987272279347280      693.8383811315220555     2365.9335957357766347      -15.7244851464793101        0.2495590626609100       26.7164812740867639
      501     2223.1532380442613430     1120.4451764178568283      353.3897652788454593      695.8680500790583210     2368.4022412464018998      -16.6712042747973896        0.2912289929644049       26.3545882676056706
      502     2222.0125022653446649     1102.9241377868063410      359.3082703037621854      698.1762573899095514     2371.2155563293786145      -17.4033911723494725        0.3326847823519299       25.9931336165763369
      503     2220.9650737173437847     1085.7145936445156167      364.6386562884807176      700.7526319876460548     2374.3814358492550127      -17.9007547275887759        0.3734757910222190       25.6317347439013083
      504     2220.0187311391591720     1068.8719335691002925      369.3673071256884555      703.5836273262893883     2377.9048099499032105      -18.1459509852176666        0.4131570841334236       25.2699134289399154
      505     2219.1807540295521903     1052.4485722243523469      373.4827303074395104      706.6526748265350761     2381.7874880336476053      -18.1248403263020350        0.4512836959249202       24.9071107834516567
      506     2218.4578663639440492     1036.4936245113435689      376.9756887458639198      709.9403810512280870     2386.0280417970507187      -17.8266989579408914        0.4874300387075928       24.5427049014438232
      507     2217.8561851727231442     1021.0526109065945093      379.8393112059448526      713.4248100817526392     2390.6217526611812900      -17.2443657996470847        0.5211922818519356       24.1760289163009112
      508     2217.3811769719422955     1006.1671942007903908      382.0691750619982940      717.0817771699566947     2395.5606002973904651      -16.3743259059274919        0.5521935430176304       23.8063885288060497
      509     2217.0376108541172471      991.8749642624292164      383.6633774227016715      720.8851696495867145     2400.8332979450715357      -15.2167561316032902        0.5800895825480414       23.4330800909762722
      510     2216.8295247071905578      978.2092534599767077      384.6225712243605699      724.8073322808941157     2406.4253908071796104      -13.7754950491302566        0.6045814418908373       23.0554093208570983
      511     2216.7601920071829227      965.1990005449770251      384.9499813114039739      728.8194285634622247     2412.3193885419946128      -12.0579628461690618        0.6254038366499887       22.6727070876522347
      512     2216.8320998016261001      952.8686548101286462      384.6513901342055988      732.8918200159187109     2418.4949414856296244      -10.0750265999660087        0.6423456764780431       22.2843464345652187
      513     2217.0469278508735442      941.2381258388977585      383.7351074560468192      736.9945114146489686     2424.9290795629744935       -7.8408251399825417        0.6552479282740825       21.8897576693959586
      514     2217.4055386436148183      930.3227739002568342      382.2119054465713361      741.0975352672317058     2431.5964708176334170       -5.3725326078748594        0.6639983139448072       21.4884413134264278
      515     2217.9079741299024136      920.1334460210673569      380.0949351765641495      745.1713323260341895     2438.4697101441493032       -2.6900933350099763        0.6685404973882039       21.0799804882917314
      516     2218.5534547572460724      910.6765525482104522      377.3996245686226985      749.1871471755180210     2445.5196462232511294        0.1840745755089301        0.6688714366596927       20.6640508483295449
      517     2219.3403930518120433      901.9541777405477205      374.1435446012636135      753.1173800789838424     2452.7157210838013270        3.2254186018170117        0.6650388474344932       20.2404288912674382
      518     2220.2664088024384910      893.9642313665585789      370.3462663266975596      756.9359202129676305     2460.0263276496734761        6.4075963916276351        0.6571424472130907       19.8089983146115287
      519     2221.3283494855027129      886.7006320294661919      366.0292005623294926      760.6184510377293009     2467.4191756131376678        9.7028420131306916        0.6453291178991061       19.3697543681482713
      520     2222.5223232328439735      880.1535151168213815      361.2154136568431682      764.1427144408207823     2474.8616588318418508       13.0823456179048776        0.6297906915377777       18.9228062659557708
      521     2223.8437320683133294      874.3094718100521732      355.9294403288913600      767.4887285361128306     2482.3212155647088366       16.5166294975362007        0.6107575323009142       18.4683774839494284
      522     2225.2873103981637541      869.1518083226936824      350.1970863807900400      770.6389671016513603     2489.7656782586136615       19.9759134462820498        0.5884972262091974       18.0068046720480375
      523     2226.8471728205072395      864.6608179040383675      344.0452153690063142      773.5785044649323936     2497.1636151432917359       23.4304857407881286        0.5633078657795618       17.5385344046339782
      524     2228.5168629447921376      860.8140705644414084      337.5015379967712192      776.2950964260694491     2504.4846428091773305       26.8510468821433506        0.5355107365846773       17.0641183026364409
      525     2230.2894021236324988      857.5867129429532270      330.5944037620707832      778.7792346991082013     2511.6997184435122108       30.2090276587471749        0.5054505318004081       16.5842075697254216
      526     2232.1573509014301635      854.9517637975077378      323.3525753475216220      781.0241720269891630     2518.7814105822817510       33.4769052171847648        0.4734864914803140       16.0995457094065983
      527     2234.1128622252372224      852.8804236057359276      315.8050265396166765      783.0258495849775500     2525.7041225802308873       36.6284657367065734        0.4399789599443195       15.6109591180437040
      528     2236.1477392171345855      851.3423751925496390      307.9807352827780278      784.7828290737320458     2532.4442937463054477       39.6390422656127157        0.4053003370129304       15.1193492511200969
      529     2238.2535009826528949      850.3060714514342635      299.9084733155793288      786.2962108969459223     2538.9805705679141283       42.4857428963065331        0.3698178048869603       14.6256823946300294
      530     2240.4214354821515371      849.7390299263415727      291.6166297353371988      787.5694610631858268     2545.2939310305087020       45.1476015327897926        0.3338888933959678       14.1309789493907960
      531     2242.6426626845050123      849.6081029262338689      283.1330205316444903      788.6082596913479392     2551.3677829025291430       47.6057341714369500        0.2978655194337007       13.6363038714112719
      532     2244.9081899439524932      849.8797385977588874      274.4847261891245580      789.4203067880348499     2557.1880189935782255       49.8434360692906466        0.2620782973376917       13.1427554194771332
      533     2247.2089698629861232      850.5202275174594888      265.6979317022727969      790.0150952705548661     2562.7430400286020813       51.8462523221335232        0.2268407923309300       12.6514550082683002
      534     2249.5359532349302754      851.4959290438240487      256.7977900464812251      790.4037108422921847     2568.0237538461401527       53.6020152555163349        0.1924475735214201       12.1635371011571145
      535     2251.8801400637494226      852.7734798460884349      247.8082924946978096      790.5986070760113762     2573.0235378128381853       55.1008489037873233        0.1591667018917412       11.6801395967906814
      536     2254.2326261113653345      854.3199876425464936      238.7521629111431025      790.6133305557577842     2577.7381615299050281       56.3351400494933046        0.1272338970558792       11.2023939897153451
      537     2256.5846489044897680      856.1031984214005206      229.6507581347353266      790.4623198941462761     2582.1657044142721134       57.2994924783436090        0.0968701692841318       10.7314184093137257
      538     2258.9276281507345630      858.0916457956503791      220.5239896278408480      790.1606852337231430     2586.3064453717638571       57.9906510099228285        0.0682562136699745       10.2683082264284380
      539     2261.2532003847031774      860.2547871141678115      211.3902653603717283      789.7239487271763210     2590.1627185579027355       58.4073962255997117        0.0415482269437931        9.8141295167013425
      540     2263.5532535232250666      862.5631098445178395      202.2664343247915326      789.1678729587292764     2593.7387719632156404       58.5504412354288775        0.0168769902442000        9.3699136331263091
      541     2265.8199537456748658      864.9882269259783243      193.1677588945064770      788.5082422231107557     2597.0405982018128270       58.4222927394162639       -0.0056631022833010        8.9366507143740535
      542     2268.0457712502852701      867.5029536034942339      184.1078919891084524      787.7606852332028211     2600.0757607854034177       58.0271149539072724       -0.0259965769023066        8.5152863064709337
      543     2270.2234978738142672      870.0813624307037344      175.0988751814756768      786.9405358701915247     2602.8532177497586417       57.3705791397028690       -0.0440779686429361        8.1067175114770631
      544     2272.3462659741435345      872.6988296127869944      166.1511419166300811      786.0626709944694994     2605.3831281354373459       56.4597123123046458       -0.0598864738334391        7.7117904787989282
      545     2274.4075590795309836      875.3320636733012634      157.2735384086096815      785.1413850319477206     2607.6766638611143208       55.3027397315987628       -0.0734252679774600        7.3312978427819138
      546     2276.4012210325408887      877.9591204500546837      148.4733522328691606      784.1903033250982844     2609.7458232294861773       53.9089290980210762       -0.0847146317301065        6.9659780675350111
      547     2278.3214609343649499      880.5594087597054340      139.7563514837534058      783.2223018892091204     2611.6032428645839900       52.2884379817647584       -0.0937974539449560        6.6165155178607638
      548     2280.1628559458558811      883.1136842613984754      131.1268314898797485      782.2494434540617476     2613.2620171307462442       50.4521717546494415       -0.1007311072705247        6.2835401997292282
      549     2281.9203516497777855      885.6040357686031257      122.5876672602659596      781.2829419102463362     2614.7355204717464403       48.4116470183631407       -0.1055895019541031        5.9676283940648309
      550     2283.5892560353568115      888.0138646196454602      114.1403840732381809      780.3331313117701029     2616.0372350464767806       46.1788506900525562       -0.1084589117718342        5.6693045075747213
      551     2285.1652380028594962      890.3278578778899828      105.7852127303130345      779.4094470731024558     2617.1805860937092802       43.7661386467971880       -0.1094398407406247        5.3890422443272437
      552     2286.6443178051458744      892.5319557059983708       97.5211700506775543      778.5204650158029835     2618.1787975038423610       41.1861167358126750       -0.1086326275487691        5.1272672735226674
      553     2288.0228597769719272      894.6133148460461371       89.3461294608699177      777.6739223451631915     2619.0447476268632272       38.4515566127828663       -0.1061544063751277        4.8843588450207562
      554     2289.2975617714600958      896.5602739709167963       81.2569078387634249      776.8767335761904178     2619.7908307107240944       35.5753019765591603       -0.1021221466061913        4.6606523654399972
      555     2290.4654457835003996      898.3623151108484990       73.2493353765224526      776.1350267537832224     2620.4288245873722190       32.5702137212048939       -0.0966651504492369        4.4564416502785811
      556     2291.5238465096690561      900.0100217584304119       65.3183487871609572      775.4542211158363898     2620.9697805604814675       29.4490967399580938       -0.0899025383801020        4.2719812908606851
      557     2292.4704011752319275      901.4950420394482080       57.4580697421922295      774.8390798261752934     2621.4239085952435744       26.2246512826013713       -0.0819708444150979        4.1074883656849490
      558     2293.3030382741330868      902.8100536566345227       49.6618962780105946      774.2937381014471612     2621.8004578696982207       22.9094081932266604       -0.0729994489185222        3.9631451546816345
      559     2294.0199684194321890      903.9487240388640430       41.9225817782110468      773.8217319350283105     2622.1076216786063924       19.5156582055313521       -0.0631312675974784        3.8391022218075466
      560     2294.6196774488043957      904.9056827939997447       34.2323300371749397      773.4259457726852816     2622.3524759887777691       16.0553404254951531       -0.0525121192414077        3.7354881688999884
      561     2295.1009227627682776      905.6764860822825085       26.5828617251024184      773.1084170747267308     2622.5410374008561121       12.5399646405335936       -0.0413116827000059        3.6524306522466996
      562     2295.4627339494691114      906.2576061398419824       18.9655141611781985      772.8699678867988041     2622.6786170256659716        8.9806702209240186       -0.0297116941149432        3.5900756871530204
      563     2295.7044139770323454      906.6464037688640474       11.3712844467245286      772.7099808717330234     2622.7707482540581623        5.3888520016903989       -0.0178773051568114        3.5485135299732624
      564     2295.8255124085098942      906.8412154991224270        3.7909224701176361      772.6274811822677293     2622.8229898012768899        1.7783494321916353       -0.0057740615066961        3.5277011496436246
