ELEM          N11          N22          N12          M11          M22          M12          Q13          Q23
     7709     2886.6894694229436027     1236.9115261703168471        0.0764563413032411     -260.1649962886831418      -74.7456876883188670        0.0504115615715210       -0.0097271375790632        0.0153038404098264
     7710     2886.8258766098192609     1237.1312437257033707        0.2297064010928048     -260.3961759135590910      -74.7422873774007712        0.1514439127150375       -0.0284854336983118        0.0154277614321215
     7711     2887.0983980446485475     1237.5697555548540549        0.3835014860297030     -260.8449104622300183      -74.7311446270241504        0.2538829050051026       -0.0451711631370206        0.0156747876428947
     7712     2887.5064480811493013     1238.2251849694091561        0.5382138186688478     -261.4840596792587348      -74.7036181423763992        0.3586493123973465       -0.0584162828111134        0.0160427090111694
     7713     2888.0491490518688806     1239.0946507365688376        0.6942163267501097     -262.2732289097530156      -74.6468669244000012        0.4666428189413857       -0.0668982718862732        0.0165282439156872
     7714     2888.7253326019554152     1240.1741894240997226        0.8518876752535200     -263.1592119196257045      -74.5440141504898293        0.5787264532940741       -0.0693414866933180        0.0171261084363166
     7715     2889.5335412491772331     1241.4586547772923950        1.0116167702833141     -264.0764907179336660      -74.3743370581962608        0.6957163685117465       -0.0645284323906001        0.0178306606894382
     7716     2890.4720305394221214     1242.9415966281167130        1.1738052659872593     -264.9478815239344840      -74.1135097766668878        0.8183771813166676       -0.0513189988142149        0.0186349786528625
     7717     2891.5387722821178613     1244.6151222476207749        1.3388600161753372     -265.6853831098760566      -73.7339162041555483        0.9474089166636310       -0.0286719274967931        0.0195303213976664
     7718     2892.7314583319148369     1246.4697438678103936        1.5072035965335551     -266.1910848436500601      -73.2049875318391514        1.0834346016918885        0.0043627975043687        0.0205065681450243
     7719     2894.0475055106612672     1248.4942162848128646        1.6792731620192278     -266.3582572608524970      -72.4936017233135317        1.2269911181331146        0.0485992396575141        0.0215525815557207
     7720     2895.4840618372058998     1250.6753690892348914        1.8555107002578917     -266.0725588790573966      -71.5645227820882610        1.3785230249339384        0.1047370529591576        0.0226555797176363
     7721     2897.0380137808842846     1252.9979383829165727        2.0363784220336663     -265.2133428016090875      -70.3808745735170760        1.5383657586448807        0.1733182526765848        0.0238007006322735
     7722     2898.7059954047604151     1255.4444031550408454        2.2223478613482746     -263.6551749968089098      -68.9046811281154987        1.7067368267876468        0.2547280766238157        0.0249715191287471
     7723     2900.4843989331202465     1257.9948316357222211        2.4138943770661188     -261.2694075664330740      -67.0974246586340541        1.8837271515204468        0.3491828611515190        0.0261507335283517
     7724     2902.3693869347944201     1260.6267432748029478        2.6115096178493840     -257.9258584133785916      -64.9206372272142289        2.0692935444150016        0.4567214305982389        0.0273191983924458
     7725     2904.3569065300566763     1263.3149918774788603        2.8156833661642571     -253.4946388136227142      -62.3365336847998606        2.2632457124351819        0.5771829602651620        0.0284555108798137
     7726     2906.4427055059750273     1266.0316755484841451        3.0269109441437587     -247.8480704869716646      -59.3086682266348362        2.4652372796371260        0.7102121734611093        0.0295369346629523
     7727     2908.6223501255049086     1268.7460786513061066        3.2456854492883189     -240.8626458329431443      -55.8026008153412931        2.6747586543140365        0.8552460676780941        0.0305393668906879
     7728     2910.8912449919098435     1271.4246510676957769        3.4724966706150244     -232.4210694675493869      -51.7865803525323827        2.8911306668214416        1.0115113664810969        0.0314374787325755
     7729     2913.2446546956530256     1274.0310293631700915        3.7078154736445530     -222.4143309251812752      -47.2322291550312912        3.1134996218646744        1.1780218444641355        0.0322044313976170
     7730     2915.6777270144884824     1276.5261042425756841        3.9521059856500025     -210.7437892300285966      -42.1152215666324992        3.3408294747286718        1.3535793282031601        0.0328122659356663
     7731     2918.1855178968990003     1278.8681376563376944        4.2057998659470615     -197.3232650916593229      -36.4159534175360022        3.5719017413590750        1.5367726749255854        0.0332323237379825
     7732     2920.7630175076019441     1281.0129326323949499        4.4693116601943981     -182.0810836317536996      -30.1201845206280723        3.8053112417965438        1.7259901742939663        0.0334354917675446
     7733     2923.4051774695485619     1282.9140575666945097        4.7430077560874837     -164.9620257060873882      -23.2196402108493203        4.0394708959179901        1.9194269513846143        0.0333924494837348
     7734     2926.1069386348544867     1284.5231263372618287        5.0272183167352873     -145.9292022814311167      -15.7125741257179925        4.2726119308936008        2.1150941997820718        0.0330736715035586
     7735     2928.8632594948794576     1285.7901339661327711        5.3222217583743383     -124.9657921496718700       -7.6042743253599383        4.5027875792888361        2.3108398874765350        0.0324501795616914
     7736     2931.6691443236195482     1286.6638467772086187        5.6282320297915831     -102.0766020582400415        1.0925000335025743        4.7278836237385127        2.5043649698379014        0.0314943255124506
     7737     2934.5196708038288307     1287.0922448813887513        5.9454049857639966      -77.2893957809619678       10.3571687056828523        4.9456284246257569        2.6932550717070329        0.0301798846900769
     7738     2937.4100171712202609     1287.0230132136803149        6.2738101250105860      -50.6560559853137420       20.1610467148943826        5.1536062432723275        2.8749849973360151        0.0284824886816924
     7739     2940.3354874224223749     1286.4040767097858406        6.6134413748791765      -22.2534117782361136       30.4671773017537362        5.3492721225437654        3.0469826526325470        0.0263800835243116
     7740     2943.2915350530920477     1285.1841734685053780        6.9641977392482222        7.8162201783443379       41.2302672236032777        5.5299708761032473        3.2066242839637096        0.0238538908710214
     7741     2946.2737845207639111     1283.3134589771073024        7.3258785345014648       39.4247671838252245       52.3967197681997732        5.6929610685677456        3.3512954465766294        0.0208888484703762
     7742     2949.2780497934049890     1280.7441331899235593        7.6981798259523906       72.4185689047576489       63.9048116192161615        5.8354383169229758        3.4784196504209253        0.0174740042137920
     7743     2952.3003499791298054     1277.4310812623768925        8.0806784141392711      106.6188463141411376       75.6849721169237455        5.9545644546188576        3.5854911219406413        0.0136031892693728
     7744     2955.3369215066450124     1273.3325182768257946        8.4728381735899401      141.8225468651244228       87.6601867863369080        6.0474965677340800        3.6701182645061765        0.0092753127470181
     7745     2958.3842265706634862     1268.4106269289795819        8.8739945995685581      177.8036139235605333       99.7465360589910688        6.1114205091336125        3.7300669272853058        0.0044951187220654
     7746     2961.4389575366608369     1262.6321774039024604        9.2833577678871588      214.3146304282786332      111.8538524624327692        6.1435859203572836        3.7632922872685191       -0.0007264930127529
     7747     2964.4980375588747847     1255.9691179314252167        9.7000037782192390      251.0887950531177921      123.8864811827604626        6.1413428219111843        3.7679742290656999       -0.0063720656815894
     7748     2967.5586167405299420     1248.3991245968686599       10.1228776048571714      287.8423373557243394      135.7441734731494307        6.1021808845489520        3.7425701968923786       -0.0124174347398039
     7749     2970.6180645383892625     1239.9060993204448096       10.5507906717417175      324.2772055280365748      147.3230597784365727        6.0237672421037658        3.6858167822415417       -0.0188314589246168
     7750     2973.6739581402148360     1230.4806051546895560       10.9824210229957071      360.0840679742045722      158.5167126517583256        5.9039879475822516        3.5967905867181034       -0.0255757437721353
     7751     2976.7240669688758317     1220.1202288978206525       11.4163152530554157      394.9456781890280581      169.2173116855183252        5.7409869761087222        3.4749194510847445       -0.0326049912434487
     7752     2979.7663339931577866     1208.8298622164697917       11.8508971597012032      428.5403774501960470      179.3168399070400483        5.5332057862776320        3.3199980561112978       -0.0398669660204319
     7753     2982.7988541685062955     1196.6218931137043455       12.2844653353216344      460.5458036430409265      188.7083300914996471        5.2794206295736146        3.1322121398835066       -0.0473027264181393
     7754     2985.8198500732296452     1183.5163017834995571       12.7152114213769742      490.6427595620248212      197.2871447096388238        4.9787801932382330        2.9121450148610024       -0.0548470385271342
     7755     2988.8276460917477380     1169.5406555900874537       13.1412135150192153      518.5191256514503948      204.9522529595747073        4.6308371477108867        2.6607782442477461       -0.0624288816548819
     7756     2991.8206407658867647     1154.7300009751097605       13.5604648624900577      543.8737910964723596      211.6074958523727219        4.2355816675419362        2.3794929477421407       -0.0699720828001276
     7757     2994.7972790237054141     1139.1266504691434420       13.9708687000842975      566.4205412541364240      217.1628192297921487        3.7934652925665819        2.0700578170097508       -0.0773961029830422
     7758     2997.7560240690158935     1122.7798664709064269       14.3702604138491630      585.8918174534646823      221.5354493020222435        3.3054248863061275        1.7346135902389270       -0.0846168763232575
     7759     3000.6953301480939444     1105.7454445984897120       14.7564219106670755      602.0422879691113849      224.6509916101445015        2.7729001524306227        1.3756488276440615       -0.0915477989141939
     7760     3003.6136167624354130     1088.0852016009189356       15.1270940378032570      614.6521805602078530      226.4444386973630117        2.1978451007861324        0.9959744802188308       -0.0981008327827411
     7761     3006.5092447932993309     1069.8663750155351408       15.4799939142227014      623.5303285906657038      226.8610728425726393        1.5827338551565582        0.5986900364010729       -0.1041875793574967
     7762     3009.3804953255948931     1051.1609435571676840       15.8128344201947044      628.5168335148669030      225.8572356598033366        0.9305612601853106        0.1871388807426873       -0.1097205521638409
     7763     3012.2255516265986444     1032.0448784922600680       16.1233366972300303      629.4853636636976262      223.4009713892933178        0.2448344526188926       -0.2351217837569425       -0.1146143327649196
     7764     3015.0424845369434479     1012.5973383944236730       16.4092538850062653      626.3450141097860069      219.4725231868064839       -0.4704393685936772       -0.6643797362232474       -0.1187869037664961
     7765     3017.8292421010660291      992.8998204633356863       16.6683873967291838      619.0416341075729179      214.0646566106665887       -1.2107749198796860       -1.0968171891039920       -0.1221609366838834
     7766     3020.5836431894535963      973.0352824886144845       16.8986030621138852      607.5587153998599206      207.1828399621715562       -1.9712365834414882       -1.5285503575260830       -0.1246649962082725
     7767     3023.3033753420318135      953.0872503542309460       17.0978538990412972      591.9177858788052617      198.8452665355378031       -2.7464725643800563       -1.9556891893421979       -0.1262345121657576
     7768     3025.9859970526626967      933.1389262895721686       17.2641913565217706      572.1782639296352500      189.0827087994828162       -3.5307562287299525       -2.3743871035075097       -0.1268132587646724
     7769     3028.6289442782781407      913.2723128252923743       17.3957852666673247      548.4368151029029832      177.9382183922411969       -4.3180351808785460       -2.7808904975309767       -0.1263541902587392
     7770     3031.2295407592791889      893.5673672732466457       17.4909398670442791      520.8262453899751563      165.4666845769595511       -5.1019830121584668       -3.1715827922904123       -0.1248203284885931
     7771     3033.7850122897816618      874.1012007155991341       17.5481076535800078      489.5138814660294884      151.7342379715762490       -5.8760601078904919       -3.5430429953749187       -0.1221857076650139
     7772     3036.2925040250283928      854.9473341882619479       17.5658979587372208      454.6995974259734794      136.8175497957920470       -6.6335771452507508       -3.8920576378124152       -0.1184356203066976
     7773     3038.7491003134955463      836.1750243314487534       17.5431011373082910      416.6134555776802699      120.8030184661301973       -7.3677596775608087       -4.2156864233453328       -0.1135675541652078
     7774     3041.1518475624161510      817.8486679295318709       17.4786762340512141      375.5129127959398829      103.7858290624258188       -8.0718246536063738       -4.5112827564525642       -0.1075913857246056
     7775     3043.4977774493818288      800.0272947120986373       17.3717854835856151      331.6798904047391261       85.8689771672163715       -8.7390487057623538       -4.7765008981600783       -0.1005294287990590
     7776     3045.7839320379762285      782.7641537972858714       17.2217800987709140      285.4175397904655256       67.1622062645578808       -9.3628455723881032       -5.0093493142019891       -0.0924165151623833
     7777     3048.0073888478327717      766.1063994756751754       17.0282127418692255      237.0468193415285896       47.7808940090067154       -9.9368399172199666       -5.2081744734723596       -0.0832996610573263
     7778     3050.1652853301275172      750.0948781986693348       16.7908421881391092      186.9030793611923400       27.8449477626010093      -10.4549415747055434       -5.3716757934234938       -0.0732378569302344
     7779     3052.2548425387121824      734.7640176501230371       16.5096324644307302      135.3325117155395674        7.4776635942500889      -10.9114187043998889       -5.4989183737624669       -0.0623016905012136
     7780     3054.2733873380157092      720.1418161487921452       16.1847411260073137       82.6886612123444138      -13.1953916512620708      -11.3009691408987134       -5.5893072589461275       -0.0505720548306319
     7781     3056.2183721483625050      706.2499298181501217       15.8165411769919562       29.3289954828169357      -34.0474774539540022      -11.6187832093600587       -5.6426016070647860       -0.0381396877689724
     7782     3058.0873927006127815      693.1038515448925637       15.4055919159959949      -24.3883880857456461      -54.9517335645653020      -11.8606090303248326       -5.6588746664362075       -0.0251046853434164
     7783     3059.8782023735207076      680.7131762404374058       14.9526422178679113      -78.1078893181052081      -75.7821812741767644      -12.0228096124518888       -5.6385204590757763       -0.0115749268145108
     7784     3061.5887236660200870      669.0819441542598724       14.4586342458730250     -131.4793257303185783      -96.4146630279730061      -12.1024121595308110       -5.5822062370318077        0.0023355172086614
     7785     3063.2170563131771814      658.2090531929873123       13.9246772961264771     -184.1605863955765017     -116.7277027756321104      -12.0971507709276445       -5.4908687350275569        0.0165069166905578
     7786     3064.7614820139556286      648.0887309826634919       13.3520507227263536     -235.8200840841009267     -136.6033077013436241      -12.0055037812188683       -5.3656765691364274        0.0308151988076187
     7787     3066.2204657703523480      638.7110562380873944       12.7421919715973573     -286.1388429627900223     -155.9276618593660260      -11.8267227354012352       -5.2079979614310421        0.0451338734292406
     7788     3067.5926538583635192      630.0625186096774542       12.0966814952574140     -334.8123464683317252     -174.5917519326420688      -11.5608499591019651       -5.0193851096634070        0.0593346215282193
     7789     3068.8768691206055337      622.1266065798761247       11.4172423140140538     -381.5521274662337419     -192.4919189189237159      -11.2087339115784204       -4.8015381551865843        0.0732892001908300
     7790     3070.0721032227124851      614.8844124726298332       10.7057186532801403     -426.0870141294140012     -209.5303087875679466      -10.7720274809150141       -4.5562749279441785        0.0868714219462409
     7791     3071.1775063832928936      608.3152445764505956        9.9640665865066840     -468.1640908061058326     -225.6152406946920337      -10.2531785232851718       -4.2855043188473809        0.0999572888508932
     7792     3072.1923753452456367      602.3972361028133946        9.1943508872750268     -507.5495009390724590     -240.6615299436114128       -9.6554195542354293       -3.9912208465460366        0.1124266650999657
     7793     3073.1161397972950908      597.1079419030219242        8.3987297694792780     -544.0289486247970672     -254.5907231219489404       -8.9827406700541239       -3.6754514194511589        0.1241646776791639
     7794     3073.9483474098046827      592.4249141595818173        7.5794337332347208     -577.4079909833444617     -267.3312710454570151       -8.2398563693441425       -3.3402662721782401        0.1350631324534698
     7795     3074.6886485384206935      588.3262494513357979        6.7387826805782831     -607.5122373544786569     -278.8186717164838910       -7.4321641260044684       -2.9877484086715396        0.1450213071302086
     7796     3075.3367806160749751      584.7910997764230387        5.8791424025363357     -634.1873110153201196     -288.9955392286435654       -6.5656937028963709       -2.6199780306427551        0.1539469365709616
     7797     3075.8925529099897176      581.8001416046790837        5.0029471126643408     -657.2987861730639452     -297.8116643325398627       -5.6470522087082671       -2.2390403037119921        0.1617574860057944
     7798     3076.3558322367966866      579.3359972394865736        4.1126665013035755     -676.7320250587258670     -305.2240376455458772       -4.6833593362884045       -1.8469971842851907        0.1683803356975644
     7799     3076.7265295694082852      577.3836042079839217        3.2108103133654113     -692.3919467007222011     -311.1968445981555078       -3.6821813871646829       -1.4459011705496860        0.1737539890241200
     7800     3077.0045886046486885      575.9305286601277203        2.2999238478468333     -704.2028366619351800     -315.7014659773475387       -2.6514557417704125       -1.0377869669797952        0.1778284376370792
     7801     3077.1899759352563706      574.9672196705984106        1.3825703915335437     -712.1081002783639633     -318.7164515515039511       -1.5994120961158282       -0.6246677504042103        0.1805661403357131
     7802     3077.2826735858798202      574.4872019596640484        0.4613269457196906     -716.0701191014945834     -320.2275139339691350       -0.5344678236323408       -0.2085561884303045        0.1819477576174593
     7803     3077.2826739224283301      574.4872051544126634       -0.4612102278247011     -716.0701298467179186     -320.2275171673932164        0.5349197294512198        0.2085540638018096        0.1819993597185993
     7804     3077.1899769428600848      574.9672290222456468       -1.3824543580967785     -712.1081316980048541     -318.7164620933228889        1.6001363885506723        0.6246656901132002        0.1807877280701001
     7805     3077.0045902792335255      575.9305436806432681       -2.2998100243672455     -704.2028869961040982     -315.7014856194041386        2.6524946129361844        1.0377849843953424        0.1783626097448096
     7806     3076.7265319032635489      577.3836243685520913       -3.2107001016390986     -692.3920140899977014     -311.1968752194409262        3.6835249764213587        1.4458992655944725        0.1747516697498404
     7807     3076.3558352193440442      579.3360219826138291       -4.1125611921265328     -676.7321077123397117     -305.2240810179054051        4.6849919595390919        1.8469953565324300        0.1699874758488777
     7808     3075.8925565273834764      581.8001703553453581       -5.0028478551265296     -657.2988823949963262     -297.8117220712396147        5.6489546732275890        2.2390385532840855        0.1641126561295666
     7809     3075.3367848517054881      584.7911319530646779       -5.8790502052403646     -634.1874192167324509     -288.9956127534968573        6.5678434546687887        2.6199763587471971        0.1571794743422312
     7810     3074.6886533723254615      588.3262844752379124       -6.7386984089261013     -607.5123560603296937     -278.8187622218324577        7.4345352683575721        2.9877468172528876        0.1492495308274266
     7811     3073.9483528195296458      592.4249514637614311       -7.5793581109776413     -577.4081188419054342     -267.3313794679462490        8.2424197233369405        3.3402647638898699        0.1403925996453160
     7812     3073.1161457573775806      597.1079809395866960       -8.3986633821052390     -544.0290844132096026     -254.5908501139131204        8.9854638701999363        3.6754499978390203        0.1306865106997621
     7813     3072.1923818271006894      602.3972763492920421       -9.1942941870961565     -507.5496435657864822     -240.6616758529041817        9.6582671742314954        3.9912195158575208        0.1202159598615317
     7814     3071.1775133557734989      608.3152855407173547       -9.9640198991876350     -468.1642393110782905     -225.6154055496532465       10.2561122960609730        4.2855030839544188        0.1090716368854549
     7815     3070.0721106514274652      614.8844536965625593      -10.7056821857440934     -426.0871676845472393     -209.5304922850956473       10.7750065360020795        4.5562737940685452        0.0973495701276821
     7816     3068.8768769686812448      622.1266476416462865      -11.4172161626528919     -381.5522853620777823     -192.4921204282885583       11.2117151181762207        4.8015371291076256        0.0851498770065759
     7817     3067.5926620858990646      630.0625591248837054      -12.0966656545634983     -334.8125081040861915     -174.5919705034395975       11.5637883561823003        5.0193841975443867        0.0725755724859761
     7818     3066.2204743343713744      638.7110958600966342      -12.7421863431338291     -286.1390078501858625     -155.9278962146513550       11.8295719848745033        5.2079971693610805        0.0597311270122237
     7819     3064.7614908688601645      648.0887694013879354      -13.3520551235424669     -235.8202518317757495     -136.6035562583768979       12.0082167326396299        5.3656759045539015        0.0467225919165362
     7820     3063.2170654108276722      658.2090901333606325      -13.9246914669262161     -184.1607566855022924     -116.7279636753560226       12.0996801180616931        5.4908682050180042        0.0336559239818638
     7821     3061.5887329553142990      669.0819793737213104      -14.4586578583025460     -131.4794983046385823      -96.4149341596943259       12.1047111364667064        5.5822058485128494        0.0206354118438882
     7822     3059.8782118012873070      680.7132095263876863      -14.9526748816075639      -78.1080639669339689      -75.7824603013973501       12.0248327011637475        5.6385202185295187        0.0077634219269683
     7823     3058.0874022110378974      693.1038827113580965      -15.4056331842274403      -24.3885646272906342      -54.9520179625408218       11.8623128058887968        5.6588745801654925       -0.0048611601650880
     7824     3056.2183816841279622      706.2499587027796224      -15.8165905518714425       29.3288172214938641      -34.0477645484736513       11.6201271150448839        5.6426016812035211       -0.0171438644704906
     7825     3054.2733968397096760      720.1418426097648080      -16.1847980629936146       82.6884814180111789      -13.1956786633289767       11.3019163065558690        5.5893074995861927       -0.0289948041559200
     7826     3052.2548519458746341      734.7640415634004967      -16.5096963758698827      135.3323306060433424        7.4773795052443575       10.9119367628519068        5.4989187853266879       -0.0403298903164494
     7827     3050.1652945814294071      750.0948994554668161      -16.7909124467670843      186.9028971995853681       27.8446694588363926       10.4550034023745475        5.3716763801506993       -0.0510720572176654
     7828     3048.0073978815526061      766.1064179807077608      -17.0282886835113842      237.0466364631138276       47.7806243182021717        9.9364243411434359        5.2081752397927783       -0.0611514250805016
     7829     3045.7839407924461739      782.7641694672886388      -17.2218610250737569      285.4173566123749879       67.1619479418840228        9.3619379793847237        5.0093502620034069       -0.0705054664131597
     7830     3043.4977858637325880      800.0273074754826439      -17.3718706648998662      331.6797074313053599       85.8687328606143865        8.7376415850084044        4.7765020285271200       -0.0790800488899612
     7831     3041.1518555771317551      817.8486777260868621      -17.4787649125626281      375.5127306427939402      103.7856012560561112        8.0699179049612262        4.5112840705226702       -0.0868296361779035
     7832     3038.7491078709836074      836.1750311133197329      -17.5431925301899980      416.6132749746161608      120.8028094475791931        7.3653609463540342        4.2156879196031412       -0.0937173640131967
     7833     3036.2925110701071389      854.9473379210805888      -17.5659912620191392      454.6994192101260523      136.8173616334303233        6.6307018965290858        3.8920593132027697       -0.0997152938945708
     7834     3033.7850187706308134      874.1012013802649108      -17.5482020474759253      489.5137065937155967      151.7340724714505313        5.8727314882546366        3.5430448465868394       -0.1048043676445257
     7835     3031.2295466284672329      893.5673648684293084      -17.4910345207547699      520.8260749334422144      165.4665432582169160        5.0982317494014318        3.1715848135643583       -0.1089744308173007
     7836     3028.6289494920588368      913.2723073696637357      -17.3958793450567946      548.4366502333323297      177.9381024755537055        4.3138990946305213        2.7808926812393495       -0.1122241889652243
     7837     3025.9860015730796476      933.1389178249553424      -17.2642840274372240      572.1781059079198712      189.0826191910634861        3.5262796574609361        2.3743894407491872       -0.1145605295523889
     7838     3023.3033791363486671      953.0872389475954378      -17.0979443409751894      591.9176360403635044      198.8452038168043146        2.7417057344415099        1.9556916688743036       -0.1159985646215681
     7839     3020.5836462318839040      973.0352682355656952      -16.8986904731898306      607.5585751346820871      207.1828043885095667        1.9662347092697310        1.5285529665925401       -0.1165610487266242
     7840     3017.8292443710306543      992.8998034896372928      -16.6684710036609829      619.0415048389904769      214.0646481128394498        1.2055972508462425        1.0968199129804588       -0.1162779246812669
     7841     3015.0424860224716213     1012.5973188580542228      -16.4093329534263717      626.3448972670839794      219.4725413819035111        0.4651481391609380        0.6643825585697767       -0.1151859549848225
     7842     3012.2255523213666493     1032.0448565845488247      -16.1234105412522766      629.4852606546219249      223.4010155940100049       -0.2501751976465023        0.2351246864985730       -0.1133277567327587
     7843     3009.3804952319096628     1051.1609195036089659      -15.8129024121708852      628.5167456987778678      225.8573049080430337       -0.9358868248970573       -0.1871359173027531       -0.1107513670979715
     7844     3006.5092439200288936     1069.8663490745457239      -15.4800554949033611      623.5302572490959392      226.8611659081466314       -1.5879800314048360       -0.5986870331572902       -0.1075095663884749
     7845     3003.6136151264709042     1088.0851740638890988      -15.1271487250207386      614.6521268683700328      226.4445541201632750       -2.2029494162531442       -0.9959714591239801       -0.1036591350200534
     7846     3000.6953277724255713     1105.7454157868417042      -14.7564693080673361      602.0422529673928693      224.6511277247045655       -2.7778030058887211       -1.3756458118350472       -0.0992600633659286
     7847     2997.7560209850435058     1122.7798367338887147      -14.3703002184141084      585.8918020229816648      221.5356042693226755       -3.3100705763785960       -1.7346106030811888       -0.0943748857990489
     7848     2994.7972752679911537     1139.1266201790638206      -13.9709007083472496      566.4205460931520975      217.1629910694052796       -3.7978030192263752       -2.0700548825446474       -0.0890678667666838
     7849     2991.8206363818212594     1154.7299705238428942      -13.5604889745533903      543.8738166983857809      211.6076824774645502       -4.2395663762286606       -2.3794900898234568       -0.0834043423538489
     7850     2988.8276411273263875     1169.5406253832379662      -13.1412297384093861      518.5191722905797178      204.9524522097908630       -4.6344302344116208       -2.6607754860946735       -0.0774499616665240
     7851     2985.8198445825091767     1183.5162722347420186      -12.7152198729710157      490.6428272831294635      197.2873543833952681       -4.9819500828827792       -2.9121423788701524       -0.0712699806277863
     7852     2982.7988482088730962     1196.6218646383524629      -12.2844662401849085      460.5458922519464977      188.7085479797692642       -5.2821431923776014       -3.1322096477633785       -0.0649286403785611
     7853     2979.7663276258003862     1208.8298352251958931      -11.8508908495035215      428.5404865088626138      179.3170638268652510       -5.5354645527869373       -3.3199957278749865       -0.0584885155844895
     7854     2976.7240602568972463     1220.1202037899913648      -11.4163021624109149      394.9458070212454004      169.2175395059327911       -5.7427731991049313       -3.4749173046719335       -0.0520099309019562
     7855     2973.6739511488685821     1230.4805823116155352      -10.9824016838208127      360.0842156737367077      158.5169423191416627       -5.9053005371316534       -3.5967886381689649       -0.0455504436891101
     7856     2970.6180573338306203     1239.9060790990840815      -10.5507657056456186      324.2773709695525213      147.3232893407903248       -6.0246124591982380       -3.6858150453843557       -0.0391643350944159
     7857     2967.5586093881297529     1248.3991073237580167      -10.1228477148223881      287.8425192085751405      135.7444011042211969       -6.1025719256262452       -3.7425686830560436       -0.0329022008090170
     7858     2964.4980301238506399     1255.9691038972728165       -9.6999697389383783      251.0889918029024557      123.8867051973243179       -6.1412993855095248       -3.7679729464427085       -0.0268107797427696
     7859     2961.4389500824618153     1262.6321668586192573       -9.2833204143475783      214.3148404015751112      111.8540713290740314       -6.1431334545376171       -3.7632912412816362       -0.0209323262003663
     7860     2958.3842191582580199     1268.4106200776209334       -8.8739548149538017      177.8038353157285201       99.7467484102944582       -6.1105894692631164       -3.7300661202481251       -0.0153045327065988
     7861     2955.3369141938819666     1273.3325152764828090       -8.4727968776110334      141.8227777688816786       87.6603914255670134       -6.0463216805485374       -3.6701176961167157       -0.0099604534029387
     7862     2952.3003428200968301     1277.4310822198374353       -8.0806365491809817      106.6190847450429828       75.6851680275481158       -5.9530837635409810       -3.5854907889507239       -0.0049282593664517
     7863     2949.2780428377141106     1280.7441381602525325       -7.6981383444904949       72.4188128379596492       63.9049979606411398       -5.8336923433138095       -3.4784195462119847       -0.0002312235815893
     7864     2946.2737778132814128     1283.3134679630888968       -7.3258383862758762       39.4250145857840835       52.3968958736752484       -5.6909919274056646       -3.3512955625988261        0.0041123555613615
     7865     2943.2915286337643010     1285.1841864216128215       -6.9641598586156226        7.8164690333683211       41.2304325998027252       -5.5278213451790084       -3.2066246089246033        0.0080888188006165
     7866     2940.3354813254777582     1286.4040935313980754       -6.6134066687113986      -22.2531634343722544       30.4673316179071207       -5.3469848160855591       -3.0469831729481118        0.0116892576363521
     7867     2937.4100114252782987     1287.0230337573650559       -6.2737794619470755      -50.6558100401020965       20.1611897962307012       -5.1512228714313979       -2.8749856976083956        0.0149092005347127
     7868     2934.5196654320056950     1287.0922689561598418       -5.9453791855853213      -77.2891540184405130       10.3573005224607186       -4.9431889893682310       -2.6932559340580635        0.0177485707537154
     7869     2931.6691393430332937     1286.6638741514245794       -5.6282118543973239     -102.0763661350156326        1.0926206881074449       -4.7254258227356694       -2.5043659761894506        0.0202115688482751
     7870     2928.8632549172248218     1285.7901643713926205       -5.3222079038873442     -124.9655635786753010       -7.6041646089058759       -4.5003462646724026       -2.3108410184910637        0.0223059678967240
     7871     2926.1069344663146694     1284.5231594738163494       -5.0272114066502036     -145.9289824100155784      -15.7124750205844066       -4.2702185969200936       -2.1150954349205549        0.0240428969008833
     7872     2923.4051737106651672     1282.9140931079755319       -4.7430083361262554     -164.9618157090785644      -23.2195512966386559       -4.0371533787072549       -1.9194282702082250        0.0254365871166280
     7873     2920.7630141544932485     1281.0129702310841822       -4.4693201942932550     -182.0808845020383160      -30.1201052980725308       -3.8030934351188175       -1.7259915561704580        0.0265044082664144
     7874     2918.1855149406524106     1278.8681769488250666       -4.2058167333760146     -197.3230776308305394      -36.4158833271910680       -3.5698034412234465       -1.5367741000531541        0.0272661817044585
     7875     2915.6777244423024058     1276.5261448555695551       -3.9521314796125875     -210.7436140500481088      -42.1151599989630085       -3.3388663175426903       -1.3535807774987929        0.0277434715368930
     7876     2913.2446524909782966     1274.0310709174843851       -3.7078498012768111     -222.4141684496212292      -47.2321754658235022       -3.1116831315321614       -1.1780232992603690        0.0279595781845239
     7877     2910.8912431349167491     1271.4246931849661451       -3.4725399538266744     -232.4209199360789171      -51.7865338750907540       -2.8894683541853343       -1.0115128092097376        0.0279392514057275
     7878     2908.6223485933955999     1268.7461209562920885       -3.2457377266841219     -240.8625093094206022      -55.8025608732164073       -2.6732541996348664       -0.8552474823716665        0.0277083724080624
     7879     2906.4427042741217520     1266.0317176764187934       -3.0269721737840070     -247.8479468692871706      -59.3086341469231684       -2.4638907985427827       -0.7102135459092800        0.0272934220546252
     7880     2904.3569055713860507     1263.3150334740964809       -2.8157534298147517     -253.4945278477625834      -62.3365048069076693       -2.2620540652944197       -0.5771842779409770        0.0267209515892322
     7881     2902.3693862219902257     1260.6267840038462964       -2.6115883245359095     -257.9257597085570524      -64.9206129119520483       -2.0682506888162915       -0.4567226825449369        0.0260177070490018
     7882     2900.4843984367626035     1257.9948711767613077       -2.4139814688631587     -261.2693206124808967      -67.0974042960122006       -1.8828245449654064       -0.3491840386831252        0.0252103084805514
     7883     2898.7059950969692181     1255.4444412109858149       -2.2224430175551322     -263.6550991798594623      -68.9046641461920899       -1.7059638227962453       -0.2547291730257184        0.0243250921389341
     7884     2897.0380136314297488     1252.9979746759418049       -2.0364812659725851     -265.2132774193237310      -70.3808604482160263       -1.5377100352392106       -0.1733192628354739        0.0233869904469761
     7885     2895.4840618193861701     1250.6754033672816604       -1.8556208033506756     -266.0725031646943535      -71.5645110365510391       -1.3779710485382650       -0.1047379738102320        0.0224197346159861
     7886     2894.0475055956303549     1248.4942483174220342       -1.6793900515075759     -266.3582104029305810      -72.4935919322963400       -1.2265285675636981       -0.0486000699250444        0.0214466135023652
     7887     2892.7314584951886900     1246.4697734492704058       -1.5073267585585794     -266.1910460007475194      -73.2049793283556482       -1.0830467683351959       -0.0043635379047379        0.0204895921658257
     7888     2891.5387724979286759     1244.6151491955361053       -1.3389889038805334     -265.6853514281638127      -73.7339092828817684       -0.9470811405208543        0.0286712747341250        0.0195685994418652
     7889     2890.4720307862853588     1242.9416207812080302       -1.1739393020297157     -264.9478561584005547      -74.1135038919892395       -0.8180952318234711        0.0513184295781167        0.0187017725462988
     7890     2889.5335415062136235     1241.4586759982703370       -1.0117553539170154     -264.0764708496981257      -74.3743320241251240       -0.6954667905248159        0.0645279412590956        0.0179059173004149
     7891     2888.7253328507017613     1240.1742075919783019       -0.8520301848210681     -263.1591967683439179      -74.5440098437538836       -0.5784969080407153        0.0693410669984412        0.0171959852212400
     7892     2888.0491492779947293     1239.0946657530485027       -0.6943621249718626     -262.2732177488755951      -74.6468632829698890       -0.4664223592351109        0.0668979157152000        0.0165844937593785
     7893     2887.5064482695838706     1238.2251967486454305       -0.5383622555952350     -261.4840518525602420      -74.7036151611014247       -0.3584286490248810        0.0584159808816105        0.0160819418302542
     7894     2887.0983981879594467     1237.5697640300406874       -0.3836519019001922     -260.8449053943008948      -74.7311423560665844       -0.2536546255190865        0.0451709055392861        0.0156976225651923
     7895     2886.8258766974227001     1237.1312488402236340       -0.2298581301293913     -260.3961731204403804      -74.7422859203143162       -0.1512027724784378        0.0284852095234920        0.0154378675134392
     7896     2886.6894694538968906     1236.9115278817253056       -0.0766087105163911     -260.1649954065751444      -74.7456871789268007       -0.0501571409077740        0.0097269337543673        0.0153063196777095
