ELEM          N11          N22          N12          M11          M22          M12          Q13          Q23
        1      558.6899816079504717      856.0370455353005354       -4.3490565575951567    -1998.3471943831145836    -6649.8501562445471791       -0.5599156989114986       -0.0256719292915157      329.3258474468718191
        2      558.5956194588991366      855.8182367243675799      -13.0515969571843176    -1998.6119625084920699    -6650.8866535299675888       -1.7368725595062937       -0.0816761828944436      329.3597327279635465
        3      558.4081347346098028      855.3822612122210103      -21.7625255708068366    -1999.1947384381753636    -6652.9803761779239721       -2.8991423835180647       -0.1376830243071056      329.4324981426786394
        4      558.1286487198813120      854.7319865927952378      -30.4873650299319294    -2000.0874968195089423    -6656.1188655145160737       -4.0435479307071276       -0.1930270529892323      329.5419294072448793
        5      557.7588918677356560      853.8717229315997201      -39.2313446379113202    -2001.2800147800471677    -6660.2841682990720074       -5.1665707464250090       -0.2475263635337454      329.6868899425338100
        6      557.3012087875052885      852.8072486706510063      -47.9993884814845657    -2002.7631039993680133    -6665.4544370067806085       -6.2638273369681770       -0.3010736439977404      329.8665296695293137
        7      556.7585430251817797      851.5458066719454564      -56.7960217000330374    -2004.5277577950134855    -6671.6036447356473218       -7.3304193058752531       -0.3535444251610108      330.0799707427560179
        8      556.1344329100545565      850.0961190543107477      -65.6252974744154045    -2006.5643125720209810    -6678.7012415267199685       -8.3611847364520315       -0.4047908139953331      330.3261928572908914
        9      555.4330086417518260      848.4684006617414980      -74.4907107635649481    -2008.8620154580389681    -6686.7119243532506516       -9.3508160207869793       -0.4546503247574567      330.6040026216221008
       10      554.6589897466059256      846.6743713091868813      -83.3951171338686237    -2011.4088260114936020    -6695.5955127740317039      -10.2939672224866854       -0.5029504140295722      330.9120292352037040
       11      553.8176811899398899      844.7272680530873004      -92.3406575646587555    -2014.1913463409252927    -6705.3068995273551991      -11.1852996290007809       -0.5495174189385111      331.2487259764711212
       12      552.9149698692565380      842.6418603026443179     -101.3286763285536836    -2017.1947931113579671    -6715.7960483444003330      -12.0195148567627541       -0.5941724741771151      331.6123732220089551
       13      551.9573173122613525      840.4344597522811000     -110.3596487284604990    -2020.4029944133665140    -6727.0080258932139259      -12.7914135281754966       -0.6367394999891903      332.0010834088681690
       14      550.9517522833278917      838.1229254246636629     -119.4331099409589427    -2023.7984195677354364    -6738.8830677119231041      -13.4959094623804390       -0.6770432394853002      332.4128047526949103
       15      549.9058600473210845      835.7266661304945501     -128.5475853580896626    -2027.3622101183284485    -6751.3566745425114277      -14.1280783037028925       -0.7149117398521961      332.8453269982760503
       16      548.8277698154657855      833.2666367792799065     -137.7005297708039961    -2031.0742211095389393    -6764.3597395345968835      -14.6831969323255294       -0.7501764175383548      333.2962876584100513
       17      547.7261376664968111      830.7653295886547085     -146.8882693718927612    -2034.9130787014678390    -6777.8187133267110767      -15.1567860093862237       -0.7826754864759700      333.7631795959105716
       18      546.6101274487721184      828.2467554474799272     -156.1059488484640667    -2038.8562481062112965    -6791.6558065457429620      -15.5446529908178093       -0.8122534746783634      334.2433592396366180
       19      545.4893864758936388      825.7364117388677869     -165.3474860109878932    -2042.8801136277161277    -6805.7892360297119012      -15.8429499410277401       -0.8387647060494725      334.7340571157561158
       20      544.3740193323875474      823.2612489091393400     -174.6055356036826538    -2046.9600647072757056    -6820.1335124743372944      -16.0482187315578244       -0.8620714963752660      335.2323886821688461
       21      543.2745541241386036      820.8496188565743523     -183.8714575414378771    -2051.0706004379730985    -6834.5997815855862427      -16.1574460436206948       -0.8820509628821666      335.7353683953886048
       22      542.2019062952175545      818.5312105908352578     -193.1352954165541860    -2055.1854471488604759    -6849.0962083189660916      -16.1681334363086648       -0.8985910844177832      336.2399238349266852
       23      541.1673405620061885      816.3369737067598635     -202.3857666448701877    -2059.2776807888799340    -6863.5284160311548476      -16.0783241902011866       -0.9115971731000301      336.7429130113627025
       24      540.1824192222043166      814.2990263128313018     -211.6102601207032023    -2063.3198770605549726    -6877.7999819486440174      -15.8866852572165840       -0.9209916967590812      337.2411419320067694
       25      539.2589556576471068      812.4505488804841207     -220.7948444487155939    -2067.2842611474575278    -6891.8129753736684506      -15.5925486676750893       -0.9267151615199908      337.7313850150590042
       26      538.4089564780053934      810.8256576072355983     -229.9242906372031143    -2071.1428738563813567    -6905.4685548116412974      -15.1959607212021979       -0.9287301355259165      338.2104070457801299
       27      537.6445605811494488      809.4592651588098988     -238.9821049760921596    -2074.8677589468961742    -6918.6676148993283277      -14.6977250921135578       -0.9270222156863404      338.6749854688415553
       28      536.9779734853278796      808.3869227920531557     -247.9505717388422283    -2078.4311498975912400    -6931.3114744070053348      -14.0994549217512599       -0.9215999290854614      339.1219357298797377
       29      536.4213981218954359      807.6446464025802925     -256.8108141451973552    -2081.8056665603762667    -6943.3026088824663020      -13.4035950011431169       -0.9124983172173734      339.5481371105105382
       30      535.9869601271169586      807.2687199197081327     -265.5428639304712988    -2084.9645384157179251    -6954.5454282043001513      -12.6134434227705015       -0.8997811833851657      339.9505593534519221
       31      535.6866282546949378      807.2954933056093978     -274.1257447792635844    -2087.8818126644364384    -6964.9470720628933122      -11.7331877744464350       -0.8835370225312433      340.3262896877262165
       32      535.5321364615774655      807.7611566384098296     -282.5375694850061450    -2090.5325769640899125    -6974.4182391537688090      -10.7678896250931189       -0.8638867998628597      340.6725626557691271
       33      535.5348964467319774      808.7014965911355375     -290.7556488565423933    -2092.8931979004214554    -6982.8740310786142800       -9.7234928927423994       -0.8409801365180728      340.9867865296631635
       34      535.7059144931719175      810.1516503478937921     -298.7566121339084475    -2094.9415360094913012    -6990.2347950161783956       -8.6068060481806015       -0.8149945072654912      341.2665722767667376
       35      536.0557028008975067      812.1458405114619836     -306.5165421174145308    -2096.6571735342699867    -6996.4269722040535271       -7.4254666710572224       -0.7861399135258602      341.5097613460000048
       36      536.5941910547517182      814.7170998323108506     -314.0111147860668552    -2098.0216441266456968    -7001.3839260774329887       -6.1879077129750044       -0.7546536327867366      341.7144512870340805
       37      537.3306403795778579      817.8969929682418751     -321.2157543797253538    -2099.0186344253347670    -7005.0467379933088523       -4.9033079474029932       -0.7208007214096213      341.8790218368286560
       38      538.2735592955572201      821.7153265013632790     -328.1057953013895485    -2099.6341940320917274    -7007.3649746665960265       -3.5814961992611529       -0.6848746752039631      342.0021575829219955
       39      539.4306136670480782      826.1998664455105654     -334.6566476982430913    -2099.8569224052912432    -7008.2973957747008171       -2.2329121865061552       -0.6471913919870270      342.0828689117032013
       40      540.8085531349657913      831.3760483136677522     -340.8439740278166710    -2099.6781346597895208    -7007.8125961679997999       -0.8684785655177052       -0.6080903286989617      342.1205107118035471
       41      542.4131303480586439      837.2666936009127312     -346.6438638447181688    -2099.0920184735718976    -7005.8895761849153132        0.5004842819946020       -0.5679306640156491      342.1147975896523121
       42      544.2490330566668035      843.8917304045271521     -352.0330162777112264    -2098.0957604979766984    -7002.5182186844795069        1.8623892623975280       -0.5270875726372347      342.0658146774218267
       43      546.3198159279169204      851.2679365709086596     -356.9889179695443886    -2096.6896403983300843    -6997.6996654581680559        3.2054885168828378       -0.4859480311175773      341.9740259139114755
       44      548.6278454907289870      859.4086846316081392     -361.4900206747058746    -2094.8771038921222498    -6991.4465822602805929        4.5180186422953739       -0.4449084296707753      341.8402781065948943
       45      551.1742508411294921      868.3237076044663354     -365.5159153764523126    -2092.6648030040582853    -6983.7833029343719318        5.7883412101907084       -0.4043689186566751      341.6657993007303276
       46      553.9588817277283397      878.0188894992572841     -369.0474998685892274    -2090.0626003731449600    -6974.7458463714647223        7.0050819128463218       -0.3647290532047507      341.4521933743898785
       47      556.9802766470323832      888.4960807653450274     -372.0671373219085467    -2087.0835348416303532    -6964.3817940079989057        8.1572648117725066       -0.3263822566706643      341.2014298497390428
       48      560.2356459190699525      899.7529360698126766     -374.5588066767654709    -2083.7437553696299801    -6952.7500293811845040        9.2344778601255371       -0.2897116256033647      340.9158285800554040
       49      563.7208585175018243      911.7827910623668686     -376.5082381492907189    -2080.0624130440573936    -6939.9203361896034039       10.2269965017128470       -0.2550836861924005      340.5980397524309637
       50      567.4304454591684816      924.5745664867063169     -377.9030368020758601    -2076.0615168996209832    -6925.9728527766983461       11.1259318100750875       -0.2228439295712045      340.2510189979160486
       51      571.3576106741925287      938.1127127433462647     -378.7327882729931048    -2071.7657534208151446    -6910.9973860265372423       11.9233460952023620       -0.1933109231656995      339.8779982034231466
       52      575.4942589256943393      952.3771866802146633     -378.9891495571448559    -2067.2022664538412755    -6895.0925887383291411       12.6123877635840813       -0.1667719826398712      339.4824515893349144
       53      579.8310278345928737      967.3434749392552021     -378.6659186716357226    -2062.4004055872110257    -6878.3650096533056058       13.1873812161757087       -0.1434774262561832      339.0680583006768529
       54      584.3573397385430326      982.9826498079296471     -377.7590866857624405    -2057.3914413374141077    -6860.9280236037857321       13.6439304658711649       -0.1236376221055853      338.6386616250938459
       55      589.0614568381492973      999.2614707241993983     -376.2668683277112223    -2052.2082499108109914    -6842.9006550795729709       13.9789897581939044       -0.1074172637414214      338.1982241532730313
       56      593.9305503804902173     1016.1425295930733910     -374.1897096541937344    -2046.8849675859603394    -6824.4063061861670576       14.1909100090484799       -0.0949323431428014      337.7507826476896753
       57      598.9507820500207345     1033.5844214600979285     -371.5302774734799414    -2041.4566375156578033    -6805.5714133214223693       14.2794920220273980       -0.0862496826851618      337.3003996929685400
       58      604.1073890249451779     1051.5419636494721090     -368.2934257490920231    -2035.9588276490583212    -6786.5240407413875801       14.2459966642492759       -0.0813810835019179      336.8511133537208480
       59      609.3847791840860282     1069.9664536851050798     -364.4861410529145473    -2030.4272383452903341    -6767.3924372666115232       14.0931277707313143       -0.0802846148383691      336.4068896724244269
       60      614.7666356341683240     1088.8059492310783298     -360.1174680590156072    -2024.8973079069023697    -6748.3035753251297137       13.8250186270563518       -0.0828631118216184      335.9715728208287260
       61      620.2360231479681261     1108.0055863740690256     -355.1984155251336119    -2019.4038129913496959    -6729.3816947937575605       13.4471772342641884       -0.0889643546886965      335.5488376831841606
       62      625.7755003618393630     1127.5079203890768440     -349.7418438982845146    -2013.9804805060939543    -6710.7468740601079844       12.9664112417966635       -0.0983835008239796      335.1421449737908915
       63      631.3672362061438434     1147.2532862853106508     -343.7623379785725888    -2008.6596094926544538    -6692.5136485998809803       12.3907437806034864       -0.1108637119101163      334.7546974963331081
       64      636.9931260779392233     1167.1801813675829180     -337.2760640237066241    -2003.4717088125591999    -6674.7897059746510422       11.7293039972244628       -0.1261004268073857      334.3894011738194081
       65      642.6349055206644607     1187.2256635648868723     -330.3006096572008801    -1998.4451507250721534    -6657.6746648113175979       10.9921768751856348       -0.1437423987489583      334.0488303931882683
       66      648.2742736645366222     1207.3257392767538931     -322.8548237551370335    -1993.6058762433956417    -6641.2589798810658976       10.1903011148274345       -0.1634029976130728      333.7351978300318933
       67      653.8929959633080671     1227.4157788148299915     -314.9586362971004974    -1988.9771129154223672    -6625.6229658438123806        9.3352672923541036       -0.1846559659369855      333.4503272451183875
       68      659.4730207743793926     1247.4309116883687238     -306.6328798701034088    -1984.5791397284199320    -6610.8359791526754634        8.4391810540918186       -0.2070516786170063      333.1956370238208365
       69      664.9965788602812609     1267.3064189129086117     -297.8991035484604595    -1980.4290975682481530    -6596.9557556589716114        7.5144722464657434       -0.2301146609925382      332.9721237769250592
       70      670.4462813166074966     1286.9781148828596997     -288.7793902031718289    -1976.5408413365446449    -6584.0279292132090632        6.5737247629152762       -0.2533588760996648      332.7803572531292957
       71      675.8052080599934470     1306.3827111169080126     -279.2961691666861270    -1972.9248479119992226    -6572.0857264126670998        5.6294792903584039       -0.2762886155126063      332.6204777323966937
       72      681.0569907296313659     1325.4581578177169376     -269.4720393202425157    -1969.5881662731294455    -6561.1498532650493871        4.6940710247075685       -0.2984108406737863      332.4922022515019648
       73      686.1858809689468899     1344.1439631728860604     -259.3295910717488368    -1966.5344307621633106    -6551.2285719578721910        3.7794250709474682       -0.3192407813848485      332.3948359596658975
       74      691.1768169277950165     1362.3814809196130682     -248.8912453505859332    -1963.7639163247483793    -6542.3179646509861414        2.8969167987116862       -0.3383101858410485      332.3272892308758060
       75      696.0154707514142274     1380.1141726364662645     -238.1790942471293988    -1961.2736503332776010    -6534.4023879811202278        2.0571836491130284       -0.3551756369456474      332.2881017608909815
       76      700.6882934056148997     1397.2878346728421093     -227.2147594765721692    -1959.0575767762054511    -6527.4550997777259909        1.2699841485724619       -0.3694250371750563      332.2754703509144178
       77      705.1825452974426298     1413.8507893134576534     -216.0192619744735225    -1957.1067589898370898    -6521.4390562839562335        0.5440696789812023       -0.3806848951116812      332.2872827863062639
       78      709.4863168406265004     1429.7540492118971542     -204.6129091102442885    -1955.4096350459360565    -6516.3078631671342009       -0.1129492435215695       -0.3886267729992442      332.3211555382216602
       79      713.5885413726209663     1444.9514433431788802     -193.0151931685185218    -1953.9523040822887197    -6512.0068620174661191       -0.6946934565258402       -0.3929722308734201      332.3744751483758364
       80      717.4789976359313641     1459.3997062399482729     -181.2447139626615638    -1952.7188540518686750    -6508.4743411815234140       -1.1960952196045866       -0.3934989319664983      332.4444428682963917
       81      721.1483025133668434     1473.0585462894191551     -169.3191117400349412    -1951.6917187443741568    -6505.6428408631572893       -1.6134798846005936       -0.3900432534007798      332.5281209474304092
       82      724.5879003796652569     1485.8906760308098001     -157.2550255306901761    -1950.8520460332247239    -6503.4405343782991622       -1.9445755701634369       -0.3825030736909921      332.6224813039242463
       83      727.7900406498283701     1497.8618199450406792     -145.0680626220687657    -1950.1800979660438315    -6501.7926709657058382       -2.1885555897840163       -0.3708418063652733      332.7244550429895185
       84      730.7477533269263859     1508.9406970114309843     -132.7727912200429898    -1949.6556504044765461    -6500.6230363273880357       -2.3460274402534935       -0.3550859021372157      332.8309814051404487
       85      733.4548200273382008     1519.0989859678982157     -120.3827494077319216    -1949.2583889075872321    -6499.8554220262940362       -2.4189986501878877       -0.3353265120418710      332.9390579219935944
       86      735.9057398290611900     1528.3112725885216605     -107.9104700874374032    -1948.9683070977469015    -6499.4150717572601934       -2.4108397574320293       -0.3117169719104567      333.0457879253945066
       87      738.0956941482711500     1536.5549862950329043      -95.3675232459847848    -1948.7660750456354890    -6499.2300700642881566       -2.3262003026765825       -0.2844689340796108      333.1484271230898457
       88      740.0205125101325621     1543.8103269598032057      -82.7645716687765258    -1948.6333677436623475    -6499.2326468241535622       -2.1709084223033699       -0.2538464864402293      333.2444281784823943
       89      741.6766359386464273     1550.0601875474587814      -70.1114450838252736    -1948.5531267145020138    -6499.3603557463848119       -1.9518258351711921       -0.2201588196262736      333.3314802839115600
       90      743.0610819798384910     1555.2900820707000094      -57.4172229393411442    -1948.5096735276918025    -6499.5570684549293219       -1.6766425448451656       -0.1837451936041706      333.4075395935972779
       91      744.1714129181801809     1559.4880747985139351      -44.6903233477081869    -1948.4885229473882191    -6499.7737093599043874       -1.3535947052381445       -0.1449577116302410      333.4708307933574929
       92      745.0057026736072885     1562.6447132313558086      -31.9386133832267127    -1948.4756273048544699    -6499.9686792531410902       -0.9909945991932005       -0.1041547280014173      333.5197475165090850
       93      745.5625044290065944     1564.7529819778187630      -19.1694963940355159    -1948.4561610946093424    -6500.1080560874997900       -0.5965088812865638       -0.0617931334428020      333.5524841289430356
       94      745.8408399065098138     1565.8082495825867682       -6.3900333259866979    -1948.4178107743973669    -6500.1677494280484098       -0.1773125705494714       -0.0189819395244620      333.5660053119588611
       95      745.8403071676026457     1565.8081671943878064        6.3929667713270479    -1948.3662500863140394    -6500.1420880313489761        0.2561115635937377        0.0071038097489169      333.5605649818584766
       96      745.5610762658848216     1564.7526567398890620       19.1726523141798566    -1948.3233219011872279    -6500.0430540913439472        0.6927663503390917        0.0159626537904592      333.5408861161237724
       97      745.0036683743380763     1562.6440255376464847       31.9419961700485580    -1948.3002989689955484    -6499.8856533141433829        1.1213336876778470        0.0237741331162922      333.5079782382747453
       98      744.1689641839742535     1559.4869867689762941       44.6938433473673342    -1948.2959630153643502    -6499.6867779180010984        1.5276834020406369        0.0306775528340869      333.4603067183330722
       99      743.0583372318724287     1555.2886185184156602       57.4207481039248364    -1948.3118660433690366    -6499.4730443323205691        1.8990099248058669        0.0362001098021179      333.3982896996396903
      100      741.6736754750980936     1550.0584019248906316       70.1148511252572035    -1948.3553179827831627    -6499.2818552678863853        2.2243344343136329        0.0398264793914635      333.3232332826776201
      101      740.0173976930868776     1543.8082863491715671       82.7677494558247844    -1948.4377690228743631    -6499.1601648636005848        2.4940383922695304        0.0411071022067345      333.2369202414402594
      102      738.0924746207310818     1536.5527597073926245       95.3703845672347370    -1948.5735496839399730    -6499.1631421220154152        2.6997240011791348        0.0396632244104135      333.1414580452309906
      103      735.9024571705706421     1528.3089255403442621      107.9129464110884413    -1948.7791264656946169    -6499.3528705917660773        2.8341655646998163        0.0351795625670224      333.0392159560304322
      104      733.4515091551560317     1519.0965773758480282      120.3847903382097257    -1949.0725774968732367    -6499.7970469068204693        2.8913418669908140        0.0274039026722932      332.9327848072103393
      105      730.7444434770860653     1508.9382780890305185      132.7743618317595065    -1949.4731442187039647    -6500.5676447114128678        2.8664947248633155        0.0161455088059940      332.8249390201381175
      106      727.7867559293586055     1497.8594339328285514      145.0691410768305047    -1950.0008159554076883    -6501.7395312350208769        2.7561865889420574        0.0012762321226332      332.7185955174816172
      107      724.5846603346146821     1485.8883585383664467      157.2556007096322332    -1950.6759203856595377    -6503.3890397792501972        2.5583636182358873       -0.0172680991551655      332.6167701029917225
      108      721.1451226012704865     1473.0563258648280680      169.3191812360434767    -1951.5187059171928468    -6505.5925051820977387        2.2723822422664739       -0.0394871043081718      332.5225321581517619
      109      717.4758897230785806     1459.3976050829805899      181.2442823001481997    -1952.5489370811380923    -6508.4247866421155777        1.8990382688880914       -0.0653180564572821      332.4389561320241455
      110      713.5855141815214893     1444.9494780273366814      193.0142703170830885    -1953.7854907285386616    -6511.9578045117705187        1.4405753731753634       -0.0946327692115441      332.3690735674048824
      111      709.4833763918409204     1429.7522313968102026      204.6115092384297611    -1955.2459547528355870    -6516.2590975088005507        0.9006416903883974       -0.1272440594588412      332.3158244090942048
      112      705.1796953117980138     1413.8491264046328979      216.0174024124979155    -1956.9462596648038470    -6521.3904425966757117        0.2842794427480726       -0.1629058661787225      332.2820088756119503
      113      700.6855356777451789     1397.2863304236911972      227.2124598700424087    -1958.9003215412221834    -6527.4065514670746779       -0.4021568678707581       -0.2013174532682640      332.2702414463775540
      114      696.0128054880666468     1380.1128276887891388      238.1763758670950892    -1961.1197150392274580    -6534.3538615203333393       -1.1510806545572336       -0.2421291684639295      332.2829065835202300
      115      691.1742430566335997     1362.3802932850408069      248.8881305313911128    -1963.6133875390789854    -6542.2694509992470557       -1.9537637997025286       -0.2849465266753191      332.3221174853470643
      116      686.1833964120672817     1344.1429286571903958      259.3261027611898726    -1966.3874042459083284    -6551.1800894875759695       -2.8004704769567184       -0.3293373658417724      332.3896784882098814
      117      681.0545926533121701     1325.4572703988953890      269.4682007204310139    -1969.4447460750482151    -6561.1014420552655793       -3.6805854679404320       -0.3748386252640320      332.4870513388564746
      118      675.8028930911538055     1306.3819632757049476      279.2920034386874590    -1972.7851455298589372    -6572.0374436270849401       -4.5827553555365057       -0.4209615508584865      332.6153273460729451
      119      670.4440457367360295     1286.9774978969405765      288.7749202456473085    -1976.4049753560757381    -6583.9798455210839165       -5.4950766842237044       -0.4672022227510823      332.7752033795394482
      120      664.9944187780686207     1267.3059231203455965      297.8943518060464726    -1980.2971935420359841    -6596.9079523867367243       -6.4052358389577648       -0.5130469870726430      332.9669647330172211
      121      659.4709322741198321     1247.4305267218662721      306.6278681936018415    -1984.4513300032094776    -6610.7885460550678545       -7.3007137429186173       -0.5579799298041130      333.1904736976316599
      122      653.8909752350624558     1227.4154938138908619      314.9533858236521837    -1988.8535365794073186    -6625.5759994011186791       -8.1689482583884114       -0.6014936475205388      333.4451633330835421
      123      648.2723171157232400     1207.3255430790086393      322.8493548186750104    -1993.4866789745249207    -6641.2125819841639895       -8.9975314912015278       -0.6430909803483364      333.7300399890511358
      124      642.6330098702375153     1187.2255448800872273      330.2949417132996928    -1998.3304846435307809    -6657.6289417451162080       -9.7743799646290768       -0.6822996352567511      334.0436883353912663
      125      636.9912884374655277     1167.1801289391000864      337.2702155970781632    -2003.3617323519381443    -6674.7447676016281548      -10.4879254808614064       -0.7186706837009150      334.3842877375153080
      126      631.3654541447006068     1147.2532890353006678      343.7563266107555933    -2008.5544868196936932    -6692.4696076082927902      -11.1272520240536892       -0.7517924625576202      334.7496285525917301
      127      625.7737719516321704     1127.5079675507893171      349.7356861269153683    -2013.8803809181731594    -6710.7038453397635749      -11.6822972840348598       -0.7812898535904893      335.1371393069750866
      128      620.2343470090743267     1108.0056676160547795      355.1921268539116454    -2019.3089102800477121    -6729.3397948340034418      -12.1439548888057516       -0.8068322449805622      335.5439168441163247
      129      614.7650109514456744     1088.8060547623952061      360.1110629516013546    -2024.8077791824314318    -6748.2629215841643600      -12.5042242770371104       -0.8281366708097005      335.9667608072541043
      130      609.3832057240304039     1069.9665743539444520      364.4796329318124322    -2030.3432629282954167    -6767.3531475381860218      -12.7563199381854133       -0.8449719952641870      336.4022126266137889
      131      604.1058671351811427     1051.5420910264926988      368.2868270049727926    -2035.8805857956185719    -6786.4862324534451545      -12.8947553848863663       -0.8571591456407039      336.8465991962684711
      132      598.9493126514250889     1033.5845479094286929      371.5235994847292886    -2041.3843088455457746    -6805.5352027817634735      -12.9154179673451495       -0.8645739336180597      337.2960776640604195
      133      593.9291349452049644     1016.1426483285993072      374.1829628196486510    -2046.8187295559453105    -6824.3718078315914681      -12.8156232430910677       -0.8671480959053506      337.7466828791897342
      134      589.0600973659118154      999.2615758541048763      376.2600621045880303    -2052.1482760860262715    -6842.8679806317531984      -12.5941282655196574       -0.8648668363692782      338.1943771891311599
      135      584.3560387150191673      982.9827363619720018      377.7522296426790831    -2057.3378994062950369    -6860.8972811745989020      -12.2511482934129958       -0.8577712156460776      338.6350978665019511
      136      579.8297881894378634      967.3435388848431558      378.6590185521972103    -2062.3534556608201456    -6878.3363028858511825      -11.7883462448980367       -0.8459530327677584      339.0648075403385064
      137      575.4930839857318006      952.3772249240826113      378.9822133492725698    -2067.1620593312859455    -6895.0660159329818271      -11.2087793013012629       -0.8295532210560667      339.4795425445041701
      138      571.3565041042336361      938.1127231173322798      378.7258222907088907    -2071.7324286346865847    -6910.9730392532746919      -10.5168520757844135       -0.8087600675952861      339.8754579968666008
      139      567.4294112064952742      924.5745477238754120      377.8960467769074967    -2076.0352010105511908    -6925.9508170343015081       -9.7182456908972767       -0.7838039653999653      340.2488727303355063
      140      563.7199007469322396      911.7827427586767044      376.5012293255475697    -2080.0432180257248547    -6939.9006886018942168       -8.8198139672373941       -0.7549536947625787      340.5963100929045595
      141      560.2347689544228615      899.7528586375784698      374.5517839180612896    -2083.7317771404823361    -6952.7328384692282270       -7.8294932411306490       -0.7225122900383896      340.9145353983261657
      142      556.9794849043792055      888.4959753750129039      372.0601052194926410    -2087.0788519987472682    -6964.3671190434943128       -6.7561674206467615       -0.6868114149356227      341.2005899281650159
      143      553.9581796565919376      878.0187580152942246      369.0404628548592427    -2090.0652729924727282    -6974.7337367891759641       -5.6095521371361770       -0.6482069995813302      341.4518201428192015
      144      551.1736428616572994      868.3235525136541355      365.5088778418493689    -2092.6748716203469485    -6983.7737978247241699       -4.4000466089359520       -0.6070737038602568      341.6659026143969982
      145      548.6273359370405842      859.4085089676975713      361.4829870861804011    -2094.8945888871553507    -6991.4397100292962932       -3.1386098771212119       -0.5638004294218426      341.8408641440094016
      146      546.3194090005332555      851.2677438381203956      356.9818929871781847    -2096.7145415946165485    -6997.6954435350862695       -1.8365954099529631       -0.5187844174345883      341.9750971242198716
      147      544.2487327694332180      843.8915244974975849      352.0260048715604171    -2098.1280567292797059    -7002.5166533102619724       -0.5056168764419908       -0.4724267314233775      342.0673697280417969
      148      542.4129404884971564      837.2664787276504512      346.6368714094519419    -2099.1316675624202617    -7005.8906623496040993        0.8425909555121507       -0.4251280645847237      342.1168314189669104
      149      540.8084772324525602      831.3758289210268231      340.8370064929458749    -2099.7250737912181648    -7007.8163176525868039        2.1963125724544170       -0.3772829963848791      342.1230146798303053
      150      539.4306549626963943      826.1996471480692890      334.6497116340502203    -2099.9110684748047788    -7008.3037252309950418        3.5439966566176508       -0.3292766131314070      342.0858309276567297
      151      538.2737207213507418      821.7151120154461523      328.0988980191066275    -2099.6954441519010288    -7007.3738738175416074        4.8743619030210539       -0.2814817515801777      342.0055623005349617
      152      537.3309245434467130      817.8967880522309315      321.2089040272834950    -2099.0868667715176343    -7005.0581578912906480        6.1765277982286193       -0.2342539743345232      341.8828508867465530
      153      536.5946002395739924      814.7169092360140894      314.0043204364495182    -2098.0967191028512389    -7001.3978074969036243        7.4400994370714670       -0.1879288744428742      341.7186835993120440
      154      536.0562389588560563      812.1456689290464510      306.5098138479717136    -2096.7389348158767461    -6996.4432460729703962        8.6552951393631474       -0.1428207755549287      341.5143734374724431
      155      535.7065792542608733      810.1515023820014676      298.7499611010576928    -2095.0298117039924364    -6990.2533829209369287        9.8129854218553874       -0.0992194495290812      341.2715385383841067
      156      535.5356911296585167      808.7013767224814274      290.7490873599292627    -2092.9878021501217518    -6982.8948458570830553       10.9047883116733715       -0.0573887439513010      340.9920796191377690
      157      535.5330620900643908      807.7610692036951150      282.5311110245102100    -2090.6333114180924895    -6974.4411855690468656       11.9231184546080158       -0.0175668805252855      340.6781538222767267
      158      535.6876855740308656      807.2954424810632190      274.1194041014768459    -2087.9884680108634711    -6964.9720475974536384       12.8612205760745724        0.0200382031252115      340.3321491174829134
      159      535.9881496236471321      807.2687097096535354      265.5366570640868531    -2085.0768961025760291    -6954.5723239794842812       13.7132045125863442        0.0552447256693260      339.9566565345513709
      160      536.4227200410209662      807.6446806326997603      256.8047584249777628    -2081.9235005163968708    -6943.3313106954283285       14.4740626358297959        0.0878984799254446      339.5544411507118525
      161      536.9794278495795652      808.3870051051529799      247.9446858142139831    -2078.5542284235489205    -6931.3418639670380799       15.1396610959445752        0.1178758308661018      339.1284157089123141
      162      537.6461472009632416      809.4593990103858232      238.9764088039035528    -2074.9958465753775272    -6918.6995712913139869       15.7067548817717579        0.1450777600879823      338.6816107632575381
      163      538.4106749535380914      810.8258462596891150      229.9188054517044293    -2071.2757331585798966    -6905.5019562100815165       16.1729513961363409        0.1694326608696307      338.2171475878599267
      164      539.2608053754350976      812.4507953938397122      220.7895927091248325    -2067.4216548531367152    -6891.8477011373179266       16.5366883551048431        0.1908947325811098      337.7382116216945178
      165      540.1843993362134597      814.2993335286580532      211.6052654236164017    -2063.4615701886991701    -6877.8359151071053930       16.7972112920237464        0.2094410479845741      337.2480265850698515
      166      541.1694499588497820      816.3373442230109731      202.3810536010827263    -2059.4234427356291235    -6863.5654462445963873       16.9545210777512807        0.2250714607327566      336.7498290964855414
      167      542.2041435393171014      818.5316467242624867      193.1308894789405031    -2055.3350540607530093    -6849.1342354499174689       17.0093305994381581        0.2378074526372943      336.2468464112208721
      168      543.2769173842922328      820.8501225902917895      183.8673847745352532    -2051.2238378337651739    -6834.6387199958853671       16.9630151015099386        0.2476887269764771      335.7422745092671335
      169      544.3765062747384036      823.2618218206039273      174.6018223807122638    -2047.1167299970149998    -6820.1732960839290172       16.8175705702703056        0.2547730553795455      335.2392576135181912
      170      545.4919941304158328      825.7370549072303447      165.3441586253406683    -2043.0400189988258717    -6805.8298243247354549       16.5755315211097525        0.2591346223930744      334.7408707005569681
      171      546.6128520389943333      828.2474693327325213      156.1030330154931107    -2039.0192237836652112    -6791.6971916420870912       16.2399438449795355        0.2608597668346382      334.2501022980367225
      172      547.7289744018924011      830.7661138867633781      146.8857896123949445    -2035.0789761502094279    -6777.8609281377121079       15.8142944859760348        0.2600501278346231      333.7698403701784855
      173      548.8307126275286691      833.2674902369683423      137.6985086252090014    -2031.2429164528434740    -6764.4028671082005530       15.3024564225617041        0.2568155332950097      333.3028584384637725
      174      549.9089012954543705      835.7275863372856293      128.5460424504252614    -2027.5336075273276037    -6751.4008584352586695       14.7086433930507781        0.2512767014745954      332.8518049237995911
      175      550.9548823733442759      838.1239085523837957      119.4320607885422305    -2023.9724541718833279    -6738.9285231544372436       14.0373523436745415        0.2435612840981731      332.4191929109520061
      176      551.9605242961727072      840.4355002843838065      110.3591033771178331    -2020.5796340322278866    -6727.0550510114990175       13.2933211617150846        0.2338047710002890      332.0073923618662661
      177      552.9182389043944568      842.6429506944136847      101.3286376084488296    -2017.3740371668468470    -6715.8450339778064517       12.4814876260700203        0.2221474217366796      331.6186231211009385
      178      553.8209940120299279      844.7283984303451234       92.3411192089507153    -2014.3732190803261801    -6705.3583348636202572       11.6069531368561911        0.2087345824929128      331.2549495298089823
      179      554.6623238728516299      846.6755290683111070       83.3960613216520414    -2011.5933586038236172    -6695.6499815364386450       10.6749400359640845        0.1937143219066608      330.9182759870387258
      180      555.4363366686330892      848.4695702472470202       74.4921057735496390    -2009.0492056717121159    -6686.7700815330645128        9.6907886961216718        0.1772422654011956      330.6103449668667622
      181      556.1377211426211034      850.0972815497304964       65.6270944398107758    -2006.7540399067938779    -6678.7637519016680017        8.6599205106316219        0.1594740646255820      330.3327343660108681
      182      556.7617503210509540      851.5469399248423770       56.7981524373340321    -2004.7196088801092628    -6671.6710476337102591        7.5878460431621875        0.1405745946866131      330.0868571104417697
      183      557.3042833871021458      852.8083268067998688       48.0017618160958932    -2002.9560100272187810    -6665.5268699968228248        6.4801982102205145        0.1207171472046845      329.8739600318594398
      184      557.7617682793683116      853.8727172634894487       39.2338474891497384    -2001.4714834601222719    -6660.3608275388869515        5.3427713610805654        0.1000899736821077      329.6951163651368688
      185      558.1312372815635854      854.7328633107772475       30.4898603334534997    -2000.2719615477046773    -6656.1970030727552512        4.1816642134890429        0.0789054323116722      329.5511939617772441
      186      558.4103070099947672      855.3829818242919600       21.7648714235459870    -1999.3602168062834608    -6653.0536144015932223        3.0034729922293764        0.0573920046552659      329.4427399761192987
      187      558.5971625999985690      855.8187324405940899       13.0536482386967876    -1998.7350013754005431    -6650.9427403377740120        1.8156805243363880        0.0357038888330228      329.3696661634878637
      188      558.6905613651747444      856.0372247658292508        4.3508174332980190    -1998.3942776164933548    -6649.8719377144570899        0.6261014773407254        0.0135105283966471      329.3304569043388597
