ELEM          N11          N22          N12          M11          M22          M12          Q13          Q23
     5265     2889.2097344836311095     1214.5849962070719812       -0.6359982021478494     -238.2930083054384340      -67.0058961984636881       -0.4030927402639632       -0.0016272589752589       -0.1213985024929969
     5266     2889.3402580440083511     1214.7649069279500509       -1.9092605619325238     -238.3632721974126980      -66.9559102226990035       -1.2124048044349669       -0.0043094441982582       -0.1221612296443009
     5267     2889.6010233013312245     1215.1235988851565253       -3.1867675190190172     -238.4923392128130217      -66.8524446461956359       -2.0303683862578623       -0.0052557035899450       -0.1236747235988387
     5268     2889.9914672173508734     1215.6588169584820207       -4.4713645766889236     -238.6573510226630788      -66.6885372958940934       -2.8626357051754585       -0.0033353623474344       -0.1259154352351457
     5269     2890.5107474541027841     1216.3671300761131988       -5.7659246219958202     -238.8243723277246318      -66.4538720006964923       -3.7146898855068722        0.0025499269791384       -0.1288479625112503
     5270     2891.1577446907913327     1217.2438746128766525       -7.0733562629411670     -238.9487597062361601      -66.1349139801463934       -4.5917715418957190        0.0134529243332542       -0.1324247881290234
     5271     2891.9310661621993859     1218.2830816832979508       -8.3966120172055518     -238.9756807660533013      -65.7150977665539813       -5.4988114674696638        0.0303644766818713       -0.1365870655101966
     5272     2892.8290501689416487     1219.4773901326589112       -9.7386871230485923     -238.8407773800931864      -65.1750661385940475       -6.4403624313219598        0.0542001655860911       -0.1412647095161496
     5273     2893.8497713430792828     1220.8179485479909090      -11.1026425729768299     -238.4709379232922402      -64.4929470401445997       -7.4205280987269013        0.0857901487779238       -0.1463761851149743
     5274     2894.9910475201772897     1222.2943085204981344      -12.4915849126187712     -237.7851665036109807      -63.6446653785649232       -8.4428951637604648        0.1258700286257295       -0.1518287629560904
     5275     2896.2504474465968087     1223.8943135739816626      -13.9086829697253282     -236.6956464313639117      -62.6043185825330966       -9.5104614201702091        0.1750502841647099       -0.1575189212593823
     5276     2897.6253001303498422     1225.6039870532354144      -15.3571575770936057     -235.1088818393659494      -61.3445785632115985      -10.6255677812336966        0.2338303823963655       -0.1633328241170216
     5277     2899.1127053216027889     1227.4074234390775473      -16.8402792651904960     -232.9269486547582346      -59.8371284883119188      -11.7898310923369269        0.3025634825317668       -0.1691469892634574
     5278     2900.7095455421367660     1229.2866874565702346      -18.3613587910935898     -230.0488402365431284      -58.0531286195096072      -13.0040785787011082        0.3814713159352782       -0.1748285436220304
     5279     2902.4124998533534381     1231.2217252430618828      -19.9237270318239297     -226.3719598671768836      -55.9637265460346498      -14.2682821314930024        0.4706006899748861       -0.1802356751212316
     5280     2904.2180585837327271     1233.1902930884884881      -21.5307373752079343     -221.7936637754287403      -53.5405802171828782      -15.5814959422080399        0.5698571679260408       -0.1852193577872993
     5281     2906.1225402853870037     1235.1679066882525149      -23.1857250805045965     -216.2128720289424564      -50.7563992437899287      -16.9418028211606497        0.6789573572047030       -0.1896238016055415
     5282     2908.1221096205372305     1237.1278174281587781      -24.8920022824972094     -209.5317949436675917      -47.5855150950183088      -18.3462590399243659        0.7974550671377048       -0.1932878383114078
     5283     2910.2127970989031382     1239.0410180189117000      -26.6528169769815406     -201.6576437274602540      -44.0044412882905362      -19.7908511678073502        0.9247179746535265       -0.1960459954583841
     5284     2912.3905196959926798     1240.8762829551851610      -28.4713335724670813     -192.5044181362741256      -39.9924481768618989      -21.2704525338680455        1.0599368567676284       -0.1977298490745079
     5285     2914.6511031344198273     1242.6002460436286583      -30.3505895739493106     -181.9946506171886540      -35.5321160319788305      -22.7787944715037192        1.2021263748531914       -0.1981701664613703
     5286     2916.9903045552505318     1244.1775189424047312      -32.2934648980289865     -170.0611757953074630      -30.6098860490521929      -24.3084438171287047        1.3501195370665071       -0.1971984172149907
     5287     2919.4038367867506167     1245.5708522460060976      -34.3026343341515982     -156.6488663626469133      -25.2165898537459725      -25.8507936091905073        1.5025822827344202       -0.1946488890257337
     5288     2921.8873918283147759     1246.7413415360672388      -36.3805337618753128     -141.7162550323932919      -19.3479315333504474      -27.3960629935358781        1.6580224979805878       -0.1903605925185764
     5289     2924.4366660210125701     1247.6486778443613730      -38.5292985856505368     -125.2370811587343269      -13.0049347445967669      -28.9333124650228655        1.8147973708995884       -0.1841796158067063
     5290     2927.0473836494920761     1248.2514442419887928      -40.7507273695808436     -107.2017365686319863       -6.1943453348897037      -30.4504734289513266        1.9711286519032298       -0.1759616011317119
     5291     2929.7153209645684910     1248.5074558046969742      -43.0462251235284086      -87.6185396625292015        1.0710312244991655      -31.9343920689413352        2.1251227422813654       -0.1655738713474800
     5292     2932.4363285666863703     1248.3741419624343507      -45.4167556330758515      -66.5148317591906562        8.7720606271732322      -33.3708897329596539        2.2747878701731139       -0.1528983691775552
     5293     2935.2063533002897202     1247.8089671645450380      -47.8627804914049477      -43.9378542462104633       16.8830894603011075      -34.7448442237165054        2.4180630472508753       -0.1378340725071681
     5294     2938.0214574042324784     1246.7698871726383913      -50.3842157850210981      -19.9554241248260951       25.3718305829215751      -36.0402837690010429        2.5528301558390218       -0.1202993396221965
     5295     2940.8778363423543851     1245.2158341333717999      -52.9803739372604738        5.3436903251845251       34.1993498087133503      -37.2405032308293116        2.6769641144286944       -0.1002348474111602
     5296     2943.7718332462541184     1243.1072260806859049      -55.6499227328538595       31.8496520845465056       43.3201432072321495      -38.3281973180767181        2.7883359969063539       -0.0776056018369996
     5297     2946.6999520488770941     1240.4064913324800727      -58.3908217479431428       59.4317015752803854       52.6823028978071761      -39.2856110647979833        2.8848625089217408       -0.0524034090561589
     5298     2949.6588652495224778     1237.0786035236992575      -61.2002946092257716       87.9387089592737539       62.2278143396047199      -40.0947101380647624        2.9645407649870190       -0.0246491219107212
     5299     2952.6454202075760804     1233.0916149063400553      -64.0747769574794717      117.1999531767105509       71.8929275345346923      -40.7373657006291126        3.0254585276476571        0.0056056596415222
     5300     2955.6566407122963938     1228.4171817999235827      -67.0098862963079824      147.0262363169281343       81.6086346638367104      -41.1955572445575839        3.0658518445151910        0.0382766744535952
     5301     2958.6897247660572248     1223.0310712495743246      -70.0003940946907619      177.2113917306064650       91.3012679917881087      -41.4515888085951474        3.0841268550257661        0.0732459364311935
     5302     2961.7420392778049063     1216.9136389875839086      -73.0401972710050131      207.5340384838805221      100.8931712250378041      -41.4883163816644611        3.0788868794044060        0.1103605748183434
     5303     2964.8111104040444843     1210.0502703124909658      -76.1223061715781313      237.7596303295172220      110.3034566822527722      -41.2893874785809487        3.0489647254537182        0.1494323439246333
     5304     2967.8946104217566244     1202.4317729510701156      -79.2388339097631444      267.6428542503940662      119.4488621608254562      -40.8394865544753145        2.9934591469914249        0.1902374968977213
     5305     2970.9903407693568624     1194.0547144809549991      -82.3810031219526593      296.9302042362924112      128.2446533779796027      -40.1245849458598514        2.9117326360110218        0.2325172451719230
     5306     2974.0962124690768178     1184.9216944516283547      -85.5391547129795384      325.3627860450496883      136.6055844249133315      -39.1321935077743461        2.8034592290573199        0.2759782208451926
     5307     2977.2102243439499034     1175.0415434520098188      -88.7027588600207793      352.6793792555799882      144.4469222768534564      -37.8516113156363190        2.6686264128836852        0.3202942542403243
     5308     2980.3304367350319808     1164.4294461900262831      -91.8604624091465212      378.6195502796317669      151.6854734322598688      -36.2741704818104012        2.5075417969634408        0.3651081599711057
     5309     2983.4549468131835965     1153.1069775505111465      -95.0001113947729010      402.9268745194976873      158.2406245218292042      -34.3934679196781872        2.3208464147024968        0.4100341283362734
     5310     2986.5818599502954385     1141.1020539287069369      -98.1088122567130085      425.3522263480726906      164.0353864784565303      -32.2055870574521919        2.1095132273981045        0.4546607216239942
     5311     2989.7092618350734483     1128.4487940065791918     -101.1729913305696869      445.6570299338968653      168.9974070063065028      -29.7092996378983685        1.8748383042684278        0.4985544557768502
     5312     2992.8351916051874468     1115.1872888962673187     -104.1784574805679711      463.6164438114133191      173.0599424612357780      -26.9062453172625027        1.6184343007338069        0.5412636978496067
     5313     2995.9576137631784150     1101.3632858832629609     -107.1104938912184821      479.0224307548637626      176.1627756112573024      -23.8010882931908156        1.3422118152464475        0.5823232164650445
     5314     2999.0743946160928317     1087.0277839580458021     -109.9539324324450007      491.6866395631964224      178.2530553495876120      -20.4016407358527516        1.0483579811747952        0.6212590300736610
     5315     3002.1832783220884266     1072.2365516680333712     -112.6932616909213323      501.4430432004437534      179.2860443745580596      -16.7189573140379650        0.7393071524867840        0.6575937112741893
     5316     3005.2818679313832035     1057.0495690536404254     -115.3127232932548907      508.1503051236059036      179.2257657549976102      -12.7673910675141258        0.4177136689896674        0.6908518750308330
     5317     3008.3676094473776175     1041.5304044103099841     -117.7964192416013134      511.6938356593173012      178.0455392462299642       -8.5646118855874533        0.0864152065657142        0.7205659643408866
     5318     3011.4377789009809021     1025.7455362494379187     -120.1284337821685284      511.9874512673090976      175.7283830375988600       -4.1315854895358939       -0.2516117464817614        0.7462823461722463
     5319     3014.4894755266004722     1009.7636284070359807     -122.2929450308579931      508.9746650805050194      172.2672907538783420        0.5074921482652712       -0.5932822636618591        0.7675671422979602
     5320     3017.5196192090706973      993.6547723155103995     -124.2743416819214133      502.6295864277026340      167.6653805489625029        5.3253024263460702       -0.9354523770134445        0.7840123410183107
     5321     3020.5249518953423831      977.4897102409233867     -126.0573516298341872      492.9573019310751079      161.9358802821475365       10.2915556686948264       -1.2749740384507950        0.7952418721410662
     5322     3023.5020450865808925      961.3390498111566558     -127.6271597399260003      479.9938683736386338      155.1019902753419046       15.3731856953243948       -1.6087180001177672        0.8009169662127623
     5323     3026.4473130741098430      945.2724836629400897     -128.9695158209171666      463.8059117990674167      147.1966257116214365       20.5345890794629327       -1.9336307892637961        0.8007417505890303
     5324     3029.3570275562969982      929.3580321910983457     -130.0708691675662294      444.4897076860443121      138.2620022487490132       25.7379006397312082       -2.2467804829431373        0.7944685561723290
     5325     3032.2273416990692567      913.6613132197503546     -130.9184564134948232      422.1699002586947245      128.3491174558791954       30.9433145217716685       -2.5453831222043575        0.7819022038600394
     5326     3035.0543131632057339      898.2448608900438103     -131.5004222256796993      396.9978561413586249      117.5171270456485217       36.1094336002598482       -2.8268491036459231        0.7629039378748319
     5327     3037.8339340038014598      883.1674971010226045     -131.8059080576906297      369.1496134512976823      105.8326078748928012       41.1936546683627967       -3.0888163751390998        0.7373953687646017
     5328     3040.5621620194533534      868.4837692106289069     -131.8251396186592501      338.8235860908412178       93.3687568442446718       46.1525825407366597       -3.3291651960819575        0.7053610222960451
     5329     3043.2349530236156170      854.2434632393944867     -131.5495165402299449      306.2380095078406157       80.2045227946643990       50.9424631351060668       -3.5460538053239814        0.6668501098995631
     5330     3045.8482980753492484      840.4911945108472082     -130.9716606822126721      271.6281112621118154       66.4236704331692636       55.5196383986395290       -3.7379369941123475        0.6219783410165352
     5331     3048.3982554648523546      827.2660899045642964     -130.0854999007284789      235.2432197582952540       52.1138356142292878       59.8410097558766552       -3.9035579630845105        0.5709278194206138
     5332     3050.8809881286233576      814.6015543213090950     -128.8862942597923791      197.3437478750474838       37.3655601962105948       63.8645109789642618       -4.0419798612086364        0.5139472842514462
     5333     3053.2927954342076191      802.5251328036530367     -127.3706856401148571      158.1981082976321886       22.2713173703780285       67.5495802507151666       -4.1525676593646210        0.4513506355652299
     5334     3055.6301455449538480      791.0584612430783409     -125.5367155770909875      118.0797084063328839        6.9245756978381223       70.8576247005538278       -4.2349880862831961        0.3835146697105794
     5335     3057.8897040196816306      780.2173073183646466     -123.3838399502455587       77.2639844792520307       -8.5811136082454595       73.7524744969725532       -4.2892011698034178        0.3108766447078324
     5336     3060.0683591119786797      770.0116971429450814     -120.9129317642171060       36.0255655860701154      -24.1529789529299705       76.2008179445627860       -4.3154419141565858        0.2339309190743785
     5337     3062.1632433752197358      760.4461222394688775     -118.1262720690201036       -5.3643955365091642      -39.6998300324933098       78.1726157262287842       -4.3142038835982524        0.1532243613435198
     5338     3064.1717500329923496      751.5198216248070366     -115.0275371861294786      -46.6406439395786947      -55.1327780191917327       79.6414808917211872       -4.2862067954087859        0.0693513741480660
     5339     3066.0915469195756486      743.2271280777121092     -111.6217519499158186      -87.5460344646967314      -70.3658842065217414       80.5850270662833026       -4.2323856434490459       -0.0170516644205513
     5340     3067.9205817224851671      735.5578776053446290     -107.9152795852439510     -127.8335206756405569      -85.3167419454723586       80.9851751525362289       -4.1538565208943528       -0.1053127521854970
     5341     3069.6570855706545444      728.4978637050840007     -103.9157572202754523     -167.2677405614131203      -99.9069286304719526       80.8284164943079162       -4.0518717590571969       -0.1947302381668365
     5342     3071.2995694032197207      722.0293349132716685      -99.6320556114872602     -205.6263527464388972     -114.0623843029087539       80.1060321642803217       -3.9278144467789167       -0.2845803157394157
     5343     3072.8468172283464810      716.1315209712411161      -95.0742117176851451     -242.7011351529563399     -127.7137192898294415       78.8142552783217809       -3.7831560938633992       -0.3741240841793915
     5344     3074.2978729207316064      710.7811819274648997      -90.2533775601291666     -278.2987092880566706     -140.7964119305047461       76.9543870042798375       -3.6194253122458497       -0.4626151556322443
     5345     3075.6520239733267772      705.9531678731949569      -85.1817509500258581     -312.2409971650845364     -153.2509264909353988       74.5328513864404556       -3.4381871099381147       -0.5493072995317010
     5346     3076.9087815351831523      701.6209815069003071      -79.8725019411901229     -344.3654015017432357     -165.0227527078341154       71.5611994503536835       -3.2410077773008705       -0.6334620283051445
     5347     3078.0678565284138131      697.7573362298437587      -74.3397123787331537     -374.5247687530059011     -176.0623854238091326       68.0560537110676194       -3.0294471397527905       -0.7143560763684726
     5348     3079.1291346763377987      694.3346997077666174      -68.5982865545324358     -402.5871299730156352     -186.3252396490613592       64.0389996492010880       -2.8050241834091958       -0.7912888390723658
     5349     3080.0926475834517078      691.3258193358855124      -62.6639008464120622     -428.4352449570342287     -195.7715142626184388       59.5364220501890173       -2.5692108964494245       -0.8635893236210483
     5350     3080.9585446041874093      688.7042197078077379      -56.5529183532895203     -451.9659984246468412     -204.3660136697907319       54.5792890271573654       -2.3234106656931508       -0.9306238481592639
     5351     3081.7270640285246373      686.4446687381537231      -50.2823119949115096     -473.0897221512914257     -212.0779502792445328       49.2028784767842211       -2.0689642842747511       -0.9918021872849310
     5352     3082.3985033178819322      684.5236089527365948      -43.8696134040624486     -491.7294213185195986     -218.8807230343210222       43.4464683985961031       -1.8071260692855313       -1.0465827992142887
     5353     3082.9731926006206777      682.9195466380281232      -37.3328160178986366     -507.8199558550618349     -224.7516826140114290       37.3529754153331623       -1.5390784712327710       -1.0944794496438164
     5354     3083.4514676629651149      681.6133998438215258      -30.6903372711861699     -521.3072607219255588     -229.6719124075981426       30.9685560039306580       -1.2659243764362402       -1.1350656667374239
     5355     3083.8336472623855116      680.5887989957105901      -23.9609294782857525     -532.1475971074419249     -233.6260162848558366       24.3421690956531265       -0.9887017670885050       -1.1679793799411746
     5356     3084.1200123602448002      679.8323407865093486      -17.1636229278027592     -540.3068567080499633     -236.6019234054425624       17.5251099975489559       -0.7083785150477272       -1.1929263769075531
     5357     3084.3107890130754640      679.3337927569479007      -10.3176644063865925     -545.7599918118130518     -238.5907292231719339       10.5705212015480043       -0.4258827311449963       -1.2096827657073634
     5358     3084.4061354685009064      679.0862472264310554       -3.4424598786500695     -548.4905909053309188     -239.5865776441719390        3.5328953949173267       -0.1420989904481872       -1.2180942235772318
     5359     3084.4061330863414696      679.0862253140916209        3.4425104659855723     -548.4905101825115707     -239.5865536562507714       -3.5324117873768461        0.1421149519460753       -1.2180590529186159
     5360     3084.3107818795456296      679.3337285961973748       10.3177145164799242     -545.7597549454608270     -238.5906518280008868      -10.5698515525926808        0.4258982871516707       -1.2095316659070465
     5361     3084.1200005016016803      679.8322377035370891       17.1636715090960443     -540.3064751737019833     -236.6017810377104524      -17.5242252784096060        0.7083935701390940       -1.1925616823791099
     5362     3083.8336307277759261      680.5886606345275140       23.9609755660743815     -532.1470831193410049     -233.6257968071206506      -24.3410753057429119        0.9887163146183724       -1.1672969629702161
     5363     3083.4514465203938016      681.6132300868481479       30.6903799843013196     -521.3066261566436879     -229.6716043621657946      -30.9672625243738509        1.2659384064353856       -1.1339637225709434
     5364     3082.9731669393959237      682.9193495315765858       37.3328545834521037     -507.8192121225829396     -224.7512755255636421      -37.3514935105436834        1.5390919683674884       -1.0928598517722683
     5365     3082.3984732475964847      684.5233886335993247       43.8696471614186763     -491.7285792899410808     -218.8802076591420018      -43.4448112477919253        1.8071390125046423       -1.0443521348683535
     5366     3081.7270296795327340      686.4444293661618985       50.2823404007694990     -473.0887921103117151     -212.0773188260534425      -49.2010612791178161        2.0689766432388903       -0.9888728144110737
     5367     3080.9585061289772057      688.7039654023316189       56.5529409853080764     -451.9649900315575906     -204.3652599986435234      -54.5773291159931375        2.3234224048213576       -0.9269149945339376
     5368     3080.0926051557685241      691.3255541195919704       62.6639174023583507     -428.4341672278219448     -195.7706340562890546      -59.5343390033971431        2.5692219720129850       -0.8590282262549449
     5369     3079.1290884944946811      694.3344274568363517       68.5982968525189847     -402.5859912772284588     -186.3242305458954888      -64.0368153397886601        2.8050345470363203       -0.7858119108730245
     5370     3078.0678068130860083      697.7570606311691108       74.3397163521636060     -374.5235768088077748     -176.0612471335628015      -68.0537923357047134        3.0294567381551820       -0.7079100819383035
     5371     3076.9087285328805592      701.6207060239795510       79.8724996355134920     -344.3641633917659419     -165.0214870801684128      -71.5588875032453018        3.2410165521514696       -0.6260052479714110
     5372     3075.6519679545585859      705.9528957183182456       85.1817425142776727     -312.2397193776228050     -153.2495375321494748      -74.5305175805256823        3.4381950001690327       -0.5408106585067015
     5373     3074.2978141819976372      710.7809160433442912       90.2533632405867792     -278.2973977481033216     -140.7949057999679781      -76.9520620926290633        3.6194322557146688       -0.4530632868776950
     5374     3072.8467560906387916      716.1312640173596265       95.0741918474144825     -242.6997952655606241     -127.7121042561052491      -78.8119718163764986        3.7831620276896860       -0.3635162864981443
     5375     3071.2995062128802601      722.0290892618277212       99.6320306014572452     -205.6249894567881711     -114.0606706490896158      -80.1038242085584358        3.9278193088113253       -0.2729313791926641
     5376     3069.6570206970955041      728.4976314402783828      103.9157275477708424     -167.2663584143838307      -99.9051285326950165      -80.8263191978950886        4.0518754897953277       -0.1820711009268193
     5377     3067.9205155577637925      735.5576605301878317      107.9152457833219074     -127.8321238890302993      -85.3148693055787817      -80.9832243025572609        4.1538590637846617       -0.0916909568103646
     5378     3066.0914798758908546      743.2269277232891227      111.6217145958966626      -87.5446270067527621      -70.3639544550289884      -80.5832584929690512        4.2323869466243655       -0.0025315656843587
     5379     3064.1716825405010241      751.5196392648228993      115.0274968905132909      -46.6392295988875958      -55.1308078984105805      -79.6399299071632925        4.2862068134958369        0.0846886724451077
     5380     3062.1631758788134903      760.4459589054995377      118.1262294640009429       -5.3629780027390552      -39.6978373475886883      -78.1713164928358850        4.3142025774171273        0.1692813428860777
     5381     3060.0682920680224015      770.0115536424957554      120.9128874935819624       36.0269826344278954      -24.1509822924983837      -76.1998027196222552        4.3154392515182840        0.2505943119430661
     5382     3057.8896378918225309      780.2171842525607417      123.3837946589456749       77.2653972999078178       -8.5791320641650373      -73.7517729604657717        4.2891971282575740        0.3280184094480820
     5383     3055.6300807999946301      791.0583590246935728      125.5366699020059826      118.0811131218315495        6.9265228221008783      -70.8572632740168586        4.2349826519711078        0.4009933011821051
     5384     3053.2927325370596918      802.5250516735903830      127.3706402012458625      158.1995008211010827       22.2732108637825377      -67.5495814043906222        4.1525608280242379        0.4690127821466109
     5385     3050.8809275378266648      814.6014943635909731      128.8862496528014958      197.3451238462234869       37.3673812394030165      -63.8648925872275584        4.0419716392124112        0.5316296752944776
     5386     3048.3981976268178187      827.2660510589893192      130.0854566900332259      235.2445744928299973       52.1155660703053627      -59.8417845395675840        3.9035483663446180        0.5884594733559808
     5387     3045.8482434197640032      840.4911765829020851      130.9716193948958392      271.6294397158135325       66.4252931199119985      -55.5208134753197555        3.7379260500242419        0.6391830061634987
     5388     3043.2349019580556160      854.2434659077043761      131.5494776615032606      306.2393062475107399       80.2060217463449590      -50.9440395724100483        3.5460415528812024        0.6835489154196099
     5389     3040.5621149238595535      868.4837920315193287      131.8251035876951107      338.8248452790485317       93.3701175525732197      -46.1545551482033432        3.3291516839530679        0.7213752888503522
     5390     3037.8338912267818159      883.1675395103602568      131.8058752641855165      369.1508288505096971      105.8338175005442281      -41.1960118848464276        3.0888016638664944        0.7525494972390514
     5391     3035.0542750156537295      898.2449222028199074      131.5003930080092118      396.9990211416575221      117.5181745909694655      -36.1121574186856265        2.8268332641332909        0.7770283457852154
     5392     3032.2273084525609192      913.6613926277890414      130.9184310567867158      422.1710079197368941      128.3499939078005809      -30.9463807205101205        2.5453662370417227        0.7948362328817127
     5393     3029.3569994376921386      929.3581287596116454      130.0708479028633349      444.4907507917873772      138.2627006918007737      -25.7412790738023034        2.2467626442513042        0.8060632691037333
     5394     3026.4472902633906415      945.2725963260883191      128.9694988248726872      463.8068829331059533      147.1971413990631845      -20.5382440677689715        1.9336120989548016        0.8108625800713949
     5395     3023.5020277139342397      961.3391773676057710      127.6271471343019641      479.9947600145846991      155.1023206594002204      -15.3770766501548906        1.6086985701294736        0.8094461374017368
     5396     3020.5249400401244202      977.4898513507764619      126.0573434832206203      492.9581065598790701      161.9360250072988947      -10.2956377677362525        1.2749539885778358        0.8020805333302465
     5397     3017.5196128988536657      993.6549254975884651      124.2743380102647279      502.6302966436719544      167.6653414122379218       -5.3295273744103895        0.9354318342679334        0.7890823722746171
     5398     3014.4894747366124648     1009.7637920392298838      122.2929457977004972      508.9752737321814493      172.2670716247550899       -0.5118091432984500        0.5932613643545610        0.7708125745229109
     5399     3011.4377835548957592     1025.7457085708083468      120.1284389014452643      511.9879515889838331      175.7279897469254593        4.1272288488292190        0.2515906295005731        0.7476703550578047
     5400     3008.3676194194231357     1041.5305835272697550      117.7964285787259939      511.6942214055034128      178.0449794491967168        8.5602686688608003       -0.0864363955143291        0.7200874465942151
     5401     3005.2818830460632853     1057.0497529489757653      115.3127366669170186      508.1505707085980248      179.2250487638880259       12.7631139248704244       -0.4177347836156021        0.6885215633075631
     5402     3002.1832983592007622     1072.2367382138552330      112.6932788756457740      501.4431838311434149      179.2851809708679411       16.7147975050939692       -0.7393280432931354        0.6534498187934854
     5403     2999.0744193132968576     1087.0279709326023294      109.9539531604629303      491.6866513656259485      178.2520575786347763       20.3976472041696582       -1.0483784993529763        0.6153624606828620
     5404     2995.9576428191799096     1101.3634709913262668      107.1105178549376831      479.0223108846416835      176.1616565647761945       23.7973067317099805       -1.3422318135886491        0.5747563455284010
     5405     2992.8352246849863150     1115.1874697932234994      104.1784843352537422      463.6161905522048983      173.0587160520269663       26.9027173660902861       -1.6184536366211228        0.5321287516941686
     5406     2989.7092985734998365     1128.4489683255799264      101.1730206973459616      445.6566427776533601      168.9960877367068406       29.7060621807259935       -1.8748568399762193        0.4879715433287828
     5407     2986.5818999586599602     1141.1022193100407094       98.1088437252961114      425.3517060515582671      164.0339892139174935       32.2026716034472003       -2.1095308326651527        0.4427655575078420
     5408     2983.4549896833441380     1153.1071316736615699       95.0001445266915709      402.9262231423449521      158.2391642652419250       34.3909001263162963       -2.3208629681410970        0.3969754986936909
     5409     2980.3304820443408971     1164.4295868062788486       91.8604967415001283      378.6187711940842746      151.6839651103432516       36.2719698394499233       -2.5075571878192235        0.3510451993661627
     5410     2977.2102716629406132     1175.0416684180315769       88.7027939087577408      352.6784771315360558      144.4453805397804445       37.8497909555511427       -2.6686405428634661        0.3053935980244712
     5411     2974.0962613635274465     1184.9218017622333718       85.5391899770319100      325.3617668148549456      136.6040234556201085       39.1307601296659300       -2.8034720132862283        0.2604110914380243
     5412     2970.9903908085429975     1194.0548023011351688       82.3810380873820947      296.9290750311752163      128.2430867251089239       40.1235389496950177       -2.9117440046172867        0.2164565460737018
     5413     2967.8946611821138504     1202.4318396456469600       79.2388680536870851      267.6416233119089156      119.4473025924962712       40.8388222800260223       -2.9934690454625610        0.1738549826356854
     5414     2964.8111614740751065     1210.0503144732388137       76.1223389668148229      237.7583069009833707      110.3019160602843840       41.2890934699153718       -3.0489731164054761        0.1328958989972029
     5415     2961.7420902631597528     1216.9136594569267800       73.0402281906430346      207.5326326859130859      100.8916603987368035       41.4883759216949102       -3.0788937415360147        0.0938316710771051
     5416     2958.6897752923105145     1223.0310671399427065       70.0004226163563743      177.2099144208768848       91.2997967146613973       41.4519804886362380       -3.0841321843250546        0.0568773393919313
     5417     2955.6566904298215377     1228.4171525088138424       67.0099119070270746      147.0246989334182217       81.6072115376477996       41.1962555224416604       -3.0658556537396624        0.0222104024322381
     5418     2952.6454687943360113     1233.0915601266260637       64.0747991582250052      117.1983675735482393       71.8915599725223728       40.7383416468842228       -3.0254608461351897       -0.0100287594634449
     5419     2949.6589124128877302     1237.0785232485989127       61.2003129192805915       87.9370872344038617       62.2265085543770056       40.0959321698663231       -2.9645416382463465       -0.0397360561818643
     5420     2946.6999975282760715     1240.4063858553367936       58.3908357088725083       59.4300559012258418       52.6810639056573109       39.2870456297364115       -2.8848619966765150       -0.0668422032129083
     5421     2943.7718768149115931     1243.1070959896278509       55.6499319130072507       31.8479945404765203       43.3189748510874324       38.3298097106209283       -2.7883341728722484       -0.0913113158756717
     5422     2940.8778778074320144     1245.2156803013322133       52.9803779355219575        5.3420327317662668       34.1982547994996366       37.2422583373259357       -2.6769610643596593       -0.1131386338557245
     5423     2938.0214966080120575     1246.7697107422795852       50.3842142336960492      -19.9570703584909097       25.3708105527796306       36.0421466758137043       -2.5528259761285188       -0.1323485066859450
     5424     2935.2063901193405400     1247.8087695292460921       47.8627730599037449      -43.9394782718709394       16.8821450369764534       34.7467809664758462       -2.4180578436533353       -0.1489918344289323
     5425     2932.4363629118070094     1248.3739247435617017       45.4167420302045386      -66.5164234159833541        8.7711915099064299       33.3728678568223742       -2.2747817546526643       -0.1631432925213896
     5426     2929.7153527796413073     1248.5072208258382034       43.0462050996942338      -87.6200895855727140        1.0702362663264466       31.9363811299308367       -2.1251158324450357       -0.1748990736931822
     5427     2927.0474129096878642     1248.2511935000388803       40.7507007186971748     -107.2032362879353968       -6.1950680300935801       30.4524454824788435       -1.9711210683817990       -0.1843737165779771
     5428     2924.4366927311320978     1247.6484134806014481       38.5292651460160087     -125.2385231724001642      -13.0055877280885852       28.9352423955809286       -1.8147892355721553       -0.1916975691063268
     5429     2921.8874160207760724     1246.7410658033943491       36.3804934172119800     -141.7176328652026314      -19.3485179099677680       27.3979288077490715       -1.6580139324357448       -0.1970142252466322
     5430     2919.4038585194407460     1245.5705674791233832       34.3025870134694912     -156.6501746020758219      -25.2171131814836826       25.8525766231868701       -1.5025734060006708       -0.2004774710281964
     5431     2916.9903239081982065     1244.1772275243936292       32.2934105759061936     -170.0624101025359778      -30.6103502466446571       24.3101287755193418       -1.3501104639683392       -0.2022490828780732
     5432     2914.6511202078659153     1242.5999503783025375       30.3505282691952871     -181.9958077274482093      -35.5325252798863858       22.7803695632867687       -1.2021172148051011       -0.2024963160777210
     5433     2912.3905346067253959     1240.8759854346039901       28.4712653476805819     -192.5054958369828455      -39.9928068271171924       21.2719093253473552       -1.0599277124873887       -0.2013895590719560
     5434     2910.2128099785995801     1239.0407210011644565       26.6527419360670486     -201.6586408191997180      -44.0047537794923755       19.7921845131349805       -0.9247089405297569       -0.1991004619442595
     5435     2908.1221206109789819     1237.1275232068398964       24.8919205705962412     -209.5327111867791245      -47.5857858732329078       18.3474668945556765       -0.7974462289345834       -0.1957998808081808
     5436     2906.1225495381336259     1235.1676174787498894       23.1856368790984035     -216.2137080777715710      -50.7566326875282812       16.9428859774693201       -0.6789487902300215       -0.1916564691305629
     5437     2904.2180662541140919     1233.1900109989032899       21.5306429037619154     -221.7944211019184877      -53.5407805695310799       15.5824577765746604       -0.5698489370678133       -0.1868346529568374
     5438     2902.4125061024542447     1231.2214522724239032       19.9236265394005052     -226.3726406725409106      -55.9638978578807382       14.2691282611591674       -0.4705928495919146       -0.1814934142394371
     5439     2900.7095505277216034     1229.2864254654089109       18.3612525622998994     -230.0494473562193889      -58.0532746984454207       13.0048165401921665       -0.3814639091428881       -0.1757853711803762
     5440     2899.1127092048327540     1227.4071741621789897       16.8401676051993689     -232.9274854591426447      -59.8372528544002762       11.7904699573925988       -0.3025565413380417       -0.1698555537659108
     5441     2897.6253030613879673     1225.6037520685749769       15.3570408257147601     -235.1093521298671476      -61.3446844130542104       10.6261177782751091       -0.2338239272205536       -0.1638411319446360
     5442     2896.2504495788571148     1223.8940943292409429       13.9085614759557323     -236.6960543392110594      -62.6044087562268032        9.5109335785007918       -0.1750443255683151       -0.1578698592951357
     5443     2894.9910489876288011     1222.2941063028206372       12.4914590619131154     -237.7855163815615924      -63.6447423418142080        8.4433009196743463       -0.1258645657440992       -0.1520597980207894
     5444     2893.8497722852962397     1220.8177645162929821       11.1025127469655338     -238.4712342435391292      -64.4930128679034169        7.4208789397128818       -0.0857851718222427       -0.1465192359883551
     5445     2892.8290506970511160     1219.4772252999880493        9.7385537419842869     -238.8410246333810392      -65.1751225058051205        6.4406695548035096       -0.0541956546703666       -0.1413461828860606
     5446     2891.9310663955170639     1218.2829369345181476        8.3964754886709301     -238.9758833648465952      -65.7151459462238563        5.4990854728244489       -0.0303604039596135       -0.1366280420215158
     5447     2891.1577447166523598     1217.2437507207835097        7.0732170278560913     -238.9489218936382713      -66.1349548440696253        4.5920221168232702       -0.0134492535515350       -0.1324413553608175
     5448     2890.5107473608968576     1216.3670276831742285        5.7657831131443587     -238.8244980881463562      -66.4539060311376488        3.7149255562043670       -0.0025466152727697       -0.1288516783576705
     5449     2889.9914670744578871     1215.6587366329576980        4.4712212414741330     -238.6574440039089495      -66.6885645965244294        2.8628636118187529        0.0033383648386565       -0.1259139029562668
     5450     2889.6010231541199573     1215.1235410767392295        3.1866228130833569     -238.4924026465018869      -66.8524649632656747        2.0305940900439707        0.0052584522330654       -0.1236722639302801
     5451     2889.3402579487697039     1214.7648720297306681        1.9091149358344794     -238.3633088299043266      -66.9559229700450942        1.2126321058134484        0.0043119993422544       -0.1221596394121978
     5452     2889.2097344396697736     1214.5849845272205130        0.6358521218978646     -238.2930202320367243      -67.0059005886423620        0.4033229548170605        0.0016296953389368       -0.1213980184473102
